1.1268429302983054e-09,1.0214600189816856
1.4020185688313314e-09,1.0840409035883798
1.7443927637026804e-09,1.030010216358341
2.170376260585774e-09,1.0181922167016104
2.7003769425408773e-09,1.0076074705753835
3.3598164336981646e-09,1.048677172416626
4.180284132623766e-09,1.052830687582967
5.201116381300585e-09,1.023984583538746
6.471238989505465e-09,1.0283828618410376
8.051507550621652e-09,1.0707179245946876
1.0017722832178185e-08,1.0547276858705297
1.2464059751993229e-08,0.9865766959799933
1.5507812859483625e-08,1.0175228646510992
1.9294788621588783e-08,1.0458547434324061
2.4006596917963958e-08,0.9633556569967043
2.986902498611901e-08,1.0059219006996258
3.716306770042663e-08,1.0455168162511923
4.6238211664610953e-08,1.086002564895221
5.752979625854175e-08,1.0550905715867596
7.15786240583549e-08,1.0646147074738908
8.905792232120222e-08,1.0626402932938865
1.10806475750587e-07,0.9850132224667943
1.378652897561754e-07,1.008465152252929
1.7153239799998128e-07,1.0627535475094931
2.1342050736093207e-07,1.0608983340602824
2.6553735052908765e-07,1.0373861070354518
3.303818555733218e-07,1.0754183123402452
4.1106096564114696e-07,1.0687395315574069
5.114427574269608e-07,1.0673966260032812
6.363368351565252e-07,0.9808638339859389
7.9173270007656e-07,1.041464665312462
9.850755302705828e-07,1.122381194359824
1.2256270947118941e-06,0.9852407742925636
1.5249316798046633e-06,1.0251003014756923
1.8973245952355423e-06,1.0316002333654035
2.360638645734515e-06,1.0511523614466929
2.9371154432909893e-06,1.1185086240910378
3.6543480887817613e-06,1.044765310524173
4.54675868950748e-06,1.0774315681228572
5.657058103936835e-06,1.050484408888082
7.038550639361324e-06,1.033235454101227
8.757321119159217e-06,1.0484555146225076
1.0895842859065043e-05,1.023578204927069
1.355658633269087e-05,1.0463645945851185
1.686721700936121e-05,0.9967214559092835
2.098624020047321e-05,1.0522320823779985
2.6111338396168445e-05,1.0685087316881954
3.248806032778481e-05,1.0418786628293257
4.0422216076911965e-05,1.049626715497314
5.029404373966609e-05,1.0482732219710633
6.257701848401358e-05,1.0116105865521494
7.786010897868165e-05,0.9898129891030574
9.68765145858172e-05,1.0389499524540602
0.00012053833586272538,1.0386062385105561
0.00014998095353560198,1.0433367645042508
0.00018660864743909092,1.09047337973416
0.0002321683674266265,1.0893475424733439
0.00028884262625625387,1.039096144552413
0.0003594228804600284,1.0559520309297887
0.0004472208869552183,1.1166811581019906
0.0005564285173057413,1.0338906695086967
0.0006922610949003558,0.9941079218741355
0.0008615182303511057,1.0440794267147586
0.001071863732891261,1.0703770957520053
0.001333990253625192,1.0980864218410156
0.001659745117263611,1.1100448764711706
0.002065380188646577,1.0813563101328798
0.0025706789804753783,1.1518838800022442
0.00319911989242927,1.169516280448232
0.003981620981521609,1.2544289984370642
0.004956190587056585,1.2798614301817415
0.006169357155594929,1.3038820847333912
0.007680766051794756,1.3403145870618771
0.009563562805304448,1.394722193589044
0.011909532726327268,1.5048810889229118
0.014835753102173882,1.5605719549420725
0.018483279936126848,1.5484773436876986
0.0230328701328961,1.6106546432899111
0.028709083762491743,1.6070152024317907
0.035794921697702625,1.6468198345685188
0.04464140206613273,1.7187374980338812
0.05568901904143105,1.746583287394778
0.06949337438605514,1.8319714619934473
0.08674123478523701,1.77792629687195
0.1082943321811837,1.758078659216934
0.13523102303097245,1.671322010180423
0.16888855367563058,1.8311041717892746
0.2109332786231486,1.7997065174117486
0.26343051608519424,1.7772992640295635
0.32893936686027186,1.7972766850874475
0.4106233092332231,1.873168450132469
0.5123941291887267,1.892226114369038
0.6391104537611383,1.9912903552681436
0.7967744043354307,2.0926788809578327
0.9928449064637267,2.258860344514632
1.2365996745216965,2.3108639458952633
1.5395832857398701,2.5697688483321905
1.916181571937783,2.968864842157083
2.384298738125379,3.4248757177854254
2.9662666561862747,3.8625096530766805
3.6898526859856804,4.588944170230718
4.589670201316352,5.79390040751181
5.708751474543634,7.313099573239114
7.100751679719229,9.248134758846552
8.832277504926962,12.128606876251206
10.986316259033329,16.403352470083615
13.666103557570317,22.376783437682082
17.00005390242591,32.17428576161121
21.148056150457165,47.49220386272214
26.30859477845492,67.90280375003512
32.729358392605405,104.64071309245527
40.71780182455051,159.2787261736823
50.657360105245175,240.38376770643052
63.02370692094745,399.0533421661186
78.41000272205471,629.9397410878267
97.55353076290251,1085.8576744017062
121.37179182395829,1831.6871701151124
151.0065290316155,3055.057693339638
187.87854482956914,5382.9648918668945
233.754264005858,9794.290864508832
290.8327544344983,16792.267858320818
361.8495844649053,31169.44246532504
450.2098971126279,55124.2235291262
560.1468600487775,100557.80152652432
696.9052583706596,185512.16717582635
867.1175902230398,351705.55683547934
1078.8606475048055,627030.3464706555
1342.3197590630873,1175185.4482244586
1670.1098755004957,2331971.508788576
2077.9497534308175,4241592.858286715
2585.3806104473574,7929617.557924898
3216.731534653956,15060827.16165927
4002.2522090337798,28904584.60919019
4979.601392122231,54441818.71745619
6195.619875920014,107173207.0790541
7708.5913562636715,210487071.29419404
9591.035982319427,369228887.01672953
11933.171265077166,769336954.944453
