1.1311716010049378e-9 1.0036023343859735
2.2623665250544583e-9 1.0035842914217104
5.0903063926886156e-9 1.0035831600743654
7.918243452164931e-9 1.0035831639467554
1.0746185584849757e-8 1.003583077784399
1.3574133836139426e-8 1.003583083691776
4.1853575949258606e-8 1.0035823211967618
7.013302123282448e-8 1.00358971060923
9.841247073187244e-8 1.0035810111345518
1.2669190916812002e-7 1.0035875366189857
4.094863890986525e-7 1.0035824642462596
6.922809457060966e-7 1.003576501181865
9.750755647645875e-7 1.0035702744962705
1.2578702557540186e-6 1.0035648980067522
4.085820868312418e-6 1.0035085098961753
6.9137782722632305e-6 1.0034734866455643
9.741742419012134e-6 1.0034179125466285
0.000012569713375212272 1.0033444080872536
0.00002388166492367651 1.0031569040312562
0.00003519372486844721 1.002936801081281
0.00004650589329490691 1.0027466398715355
0.000057818170128642424 1.0025172046637258
0.00006913055542294141 1.002333063074027
0.00008044304918868656 1.002148607055439
0.0000917556514554465 1.00194950586493
0.00010306836218464203 1.0017600925417947
0.00011438118141052007 1.0015821255603534
0.00022751534348781 0.9997877679391415
0.000340660368374649 0.9981209036622146
0.00045381626455891016 0.9965417305891355
0.0005669830441881174 0.9950564545212628
0.0006801607017267772 0.9936261595445112
0.0007933492748631219 0.9922717763656772
0.0009065487576726623 0.9909798087118153
0.0010197591599486733 0.989734470185571
0.0011329804854907273 0.988544905795772
0.0022657962058847876 0.9790903844156391
0.0033997106179946444 0.9729593385880967
0.004534724922337787 0.9691576288682295
0.005670835542712304 0.9670065870998013
0.006808034013360995 0.9660366529640415
0.007946307215039583 0.9659126579583359
0.009085637919878587 0.966337711443658
0.010226005589674824 0.9672949539996255
0.011367387282690485 0.9685158715907737
0.022831621298471265 0.985097157818906
0.03437333074925063 0.9987937556950218
0.04597809813433602 1.0082472662879125
0.0576360957501668 1.0147165649526353
0.06933998393124091 1.0191957167465617
0.08108397450700547 1.0223743037424928
0.09286334382064869 1.0247358351328808
0.10467414538867388 1.0265596299190003
0.11651302574803746 1.028082357258366
0.23595653322885665 1.0446047093465285
0.35644114856721787 1.0756610587680866
0.47735428186257267 1.1191658822062178
0.5984386171997715 1.1713189242128055
0.7195761786643666 1.2297507408101371
0.8407109301291176 1.2930585114825262
0.9618164177555948 1.3603824322116964
1.0828809672634623 1.4311748871146908
1.2039004621117193 1.5050679127229145
2.4120187076958404 2.380882790642686
3.61794704316232 3.4699579463490524
4.822903165092985 4.757878703678723
6.027361165919148 6.242535235840838
7.2315322052993505 7.925561526627284
8.435523358821822 9.81029607737536
9.639394471790824 11.900980572181458
10.843181545663365 14.202372815907193
12.046907517766545 16.71953747532322
18.065022319933345 32.728876211954436
24.08272900745785 54.94569130773281
30.100263371484267 84.05521373389742
36.11770897523372 120.73522790710604
42.135102910969294 165.6542338458993
48.15246395935517 219.47230851869026
54.169803045301734 282.8410012445871
60.187124670994365 356.4095586556303
66.20443834983969 440.8111719246961
72.22174175232284 536.6857382578547
78.23903849678416 644.6599924974239
84.2563301342805 765.3652344991558
90.27361746428092 899.4186862788126
96.29090163769779 1047.4387714284812
102.30818255104423 1210.0463440618566
108.32546144062597 1387.8507198559741
114.34273793276061 1581.4665160178963
120.36001240946675 1791.4977860211475
132.3945593042546 2263.2316382317817
145.63255479793705 2866.531842347213
160.19434504064444 3639.730598535832
176.21231087305935 4632.58405928466
193.8320684884384 5909.946062897622
213.21379951565942 7556.177250991935
234.53369985985427 9681.607399153589
257.98558759219657 12430.667023299995
283.78266132450983 15991.58174506656
312.1594400045157 20611.991227699273
343.3738924203479 26613.414210916824
377.7097954024359 34422.851370563265
415.4792784660479 44597.64298180222
457.0257099430103 57869.34290160646
502.7267858988066 75202.83659217418
552.9979616275095 97869.59456619112
608.2962616129854 127536.67827468202
669.1243903262912 166408.51470204542
736.0353330577835 217388.6549740331
809.6373595199503 284332.26583389414
890.5996170068105 372256.5758052702
979.6580416546309 488018.43787445326
1077.6223419880362 640154.1683419186
1185.3830786994108 840733.381597408
1303.919886174789 1.104700057857983e6
1434.3103591268646 1.4532626102117572e6
1577.739885000502 1.9134331925865202e6
1735.5123728057574 2.520391328597218e6
1909.062124517603 3.3212585776389367e6
2099.966802813 4.382538419961343e6
2309.962009491627 5.785307399225443e6
2540.9566550358695 7.641727255753363e6
2795.0508271581907 1.009355883963848e7
3074.554361456598 1.3353680301012505e7
3382.0083341707755 1.7636203525869995e7
3720.20774206993 2.333203536080347e7
4092.2268715126975 3.0894872920869466e7
4501.44809379207 4.089832892913951e7
4951.591389710236 5.417976808439753e7
5446.74903430171 7.176403595224036e7
5991.422428717938 9.51250681293506e7
6590.563159723832 1.2614211642714638e8
7249.617941753978 1.6732824442569947e8
7974.578239875425 2.2198567288643742e8
8772.03453774797 2.9463434384549046e8
9649.236463904517 3.9041984468308234e8
10614.15909769651 5.1736989497829944e8
11675.572913701184 6.892742712089485e8
