1.1311716010049378e-9 1.0173999044258675
2.2623665250544583e-9 1.0153911194968563
5.0903063926886156e-9 1.0128889886504702
7.918243452164931e-9 1.0114985240913517
1.0746185584849757e-8 1.0105653446476932
1.3574133836139426e-8 1.0098926082220754
4.1853575949258606e-8 1.007012207727145
7.013302123282448e-8 1.0059620206811977
9.841247073187244e-8 1.005354848027384
1.2669190916812002e-7 1.004923771120035
4.094863890986525e-7 1.00349018472364
6.922809457060966e-7 1.0030629881724533
9.750755647645875e-7 1.0028221338310865
1.2578702557540186e-6 1.0026567002013296
4.085820868312418e-6 1.002131498405732
6.9137782722632305e-6 1.0019572697801737
9.741742419012134e-6 1.0018743894219861
0.000012569713375212272 1.0018341996494085
0.00002388166492367651 1.001713864863411
0.00003519372486844721 1.0016406253360377
0.00004650589329490691 1.0016048190759004
0.000057818170128642424 1.0015640774031969
0.00006913055542294141 1.0015409681332355
0.00008044304918868656 1.0015088469006612
0.0000917556514554465 1.0014838556939176
0.00010306836218464203 1.0014692475352538
0.00011438118141052007 1.0014456606677744
0.00022751534348781 1.0012718987241025
0.000340660368374649 1.0011240150187894
0.00045381626455891016 1.0009760960045775
0.0005669830441881174 1.0008396523938983
0.0006801607017267772 1.0006979619887812
0.0007933492748631219 1.000565803099044
0.0009065487576726623 1.0004254656542637
0.0010197591599486733 1.0002885992004102
0.0011329804854907273 1.0001512498748266
0.0022657962058847876 0.9988189436214261
0.0033997106179946444 0.9975075123866222
0.004534724922337787 0.9962125464662577
0.005670835542712304 0.994932459651188
0.006808034013360995 0.9936672001855331
0.007946307215039583 0.9924163025536843
0.009085637919878587 0.9911803320944824
0.010226005589674824 0.9899619730016429
0.011367387282690485 0.9887503497701334
0.022831621298471265 0.9774110597601492
0.03437333074925063 0.96734902890147
0.04597809813433602 0.9584742652829694
0.0576360957501668 0.9506885464460969
0.06933998393124091 0.9439075668307785
0.08108397450700547 0.938050420856043
0.09286334382064869 0.9330414728808542
0.10467414538867388 0.9288103223093239
0.11651302574803746 0.925342897125323
0.23595653322885665 0.9191465828680294
0.35644114856721787 0.9451697957652028
0.47735428186257267 0.9880406453179628
0.5984386171997715 1.0410188512332277
0.7195761786643666 1.1008247663417918
0.8407109301291176 1.16571360273301
0.9618164177555948 1.2346835955611846
1.0828809672634623 1.3071215070650872
1.2039004621117193 1.3826317580334313
2.4120187076958404 2.272449867451506
3.61794704316232 3.3731763169205644
4.822903165092985 4.671954491744405
6.027361165919148 6.167325292383662
7.2315322052993505 7.861232529413191
8.435523358821822 9.757191401840174
9.639394471790824 11.859555305877716
10.843181545663365 14.173159644983244
12.046907517766545 16.703126275928685
18.065022319933345 32.78660450281377
24.08272900745785 55.0965086511928
30.100263371484267 84.3198826667709
36.11770897523372 121.13581026937517
42.135102910969294 166.21388313252584
48.15246395935517 220.21516505131967
54.169803045301734 283.79212539526236
60.187124670994365 357.5949011745102
66.20443834983969 442.25750189989117
72.22174175232284 538.4206719237102
78.23903849678416 646.7119134175329
84.2563301342805 767.7633308232445
90.27361746428092 902.19285727418
96.29090163769779 1050.6197127089595
102.30818255104423 1213.6654323666683
108.32546144062597 1391.9400650968514
114.34273793276061 1586.0587973812987
120.36001240946675 1796.6267068239856
132.3945593042546 2269.5366814536014
145.63255479793705 2874.2949511135607
160.19434504064444 3649.303667061246
176.21231087305935 4644.407681872516
193.8320684884384 5924.572567722466
213.21379951565942 7574.30136807465
234.53369985985427 9704.098646240434
257.98558759219657 12458.620988660685
283.78266132450983 16026.377836968335
312.1594400045157 20655.368476765136
343.3738924203479 26667.564505866307
377.7097954024359 34490.53822757893
415.4792784660479 44682.37805028659
457.0257099430103 57975.51946094553
502.7267858988066 75336.09249877834
552.9979616275095 98036.98699687763
608.2962616129854 127747.21221938173
669.1243903262912 166673.57264259402
736.0353330577835 217722.73601124482
809.6373595199503 284753.6897038437
890.5996170068105 372788.7055619255
979.6580416546309 488690.8828050088
1077.6223419880362 641004.530109544
1185.3830786994108 841809.8997645383
1303.919886174789 1.106063206341395e6
1434.3103591268646 1.4549909812807564e6
1577.739885000502 1.915624998066045e6
1735.5123728057574 2.5231720687145884e6
1909.062124517603 3.3247886605397905e6
2099.966802813 4.387023755033965e6
2309.962009491627 5.791009366118849e6
2540.9566550358695 7.648978217288901e6
2795.0508271581907 1.010277761949388e7
3074.554361456598 1.3365421666087208e7
3382.0083341707755 1.765113008331811e7
3720.20774206993 2.3351044795087416e7
4092.2268715126975 3.0919087535480775e7
4501.44809379207 4.092917470489004e7
4951.591389710236 5.421908084117213e7
5446.74903430171 7.181411895714912e7
5991.422428717938 9.51889414913713e7
6590.563159723832 1.2622357621472621e8
7249.617941753978 1.674321766702643e8
7974.578239875425 2.221182574373716e8
8772.03453774797 2.948035296623696e8
9649.236463904517 3.906354780880081e8
10614.15909769651 5.1764455207295084e8
11675.572913701184 6.896260934652232e8
