1.7582235559199704e-09,1.0604981856363263
2.1908324942820486e-09,1.0015621407151387
2.730410153604941e-09,1.0240147307680316
3.4029412038978175e-09,1.0790078321169192
4.2408264515101926e-09,0.9913768133427225
5.28712484468907e-09,1.044078474309136
6.590451865949386e-09,1.041583788732924
8.215137328244076e-09,1.0424101959993564
1.0241844199377704e-08,1.0385808231326707
1.2767344907473809e-08,1.0446124251194617
1.592025259101758e-08,1.0248316826569959
1.9850904591257743e-08,1.0667382542225945
2.4757431460915168e-08,1.0051145565117472
3.087617379740139e-08,1.0724573449698414
3.8509135944372555e-08,1.0777344334389327
4.803918115173576e-08,1.0708661968407476
5.992554544326716e-08,1.1109663787997792
7.476216954991024e-08,1.0608780616602664
9.328460415083699e-08,1.0253798702226609
1.1640951006991694e-07,1.0331087127318903
1.4528964720085477e-07,1.0909316737358072
1.813533062711619e-07,1.0505372656819005
2.2638754623942503e-07,1.0072892636894775
2.826642811142122e-07,1.1331002486861033
3.5295513953894187e-07,1.0473415164713138
4.407978603266484e-07,1.0632265615297933
5.505863822266405e-07,0.9989387937088654
6.878345412079905e-07,0.9700364883893259
8.59462840824354e-07,1.0467845956785753
1.0740655339100008e-06,1.0776377659806171
1.342523935557391e-06,1.0185082241691341
1.6784118630013034e-06,1.0060891964038101
2.0987030099438947e-06,1.0200248441262707
2.6249355778161127e-06,0.9799563418403583
3.2837200219548155e-06,1.0087524074892675
4.108800307228073e-06,1.0534333762151442
5.1425072854469975e-06,1.0924790464966312
6.437865712491e-06,1.0273205947553974
8.06167368354069e-06,1.038783372234618
1.0098011687534875e-05,1.036478613327966
1.2652241270585718e-05,1.0752912521510702
1.5857132014523432e-05,1.1188380204769226
1.9880299547610887e-05,1.0834301166157718
2.493322930773955e-05,1.0634215071136317
3.128052292225411e-05,1.043000688638045
3.925950729789239e-05,1.063243938835409
4.929114290867501e-05,1.0167806038849914
6.19105969378577e-05,1.0352211428816616
7.779521499107259e-05,1.0455621634276064
9.779707825082922e-05,1.0491702713529985
0.00012299976194507484,1.0688461242537453
0.0001547671236921276,1.1111000192857068
0.00019483755912127248,1.0570007027425707
0.00024540489110800044,1.061534312116257
0.0003092674699542903,1.0621053679639882
0.00038996022164691145,1.096081578964127
0.0004919856094338831,1.0518113006749692
0.0006210624823161439,1.037293325563959
0.000784465831912075,1.0237252895179216
0.0009914517505019648,1.0546798085935976
0.0012537770152241988,1.0287364306461892
0.0015864334508791443,1.0485623861802154
0.0020084872123202592,1.0442841556104083
0.0025441445594923647,1.0141647033511205
0.0032241773128208933,1.0405170270000226
0.004087443482171797,1.0571545851079558
0.005183271351917495,0.9796316739575446
0.006573504713839083,0.9299852598179944
0.00833572618738297,0.8828052914146607
0.010566131466001487,0.8465972761685562
0.013383777121352573,0.8078585369664338
0.016932361621015864,0.746035795806794
0.021384667740856265,0.7760594999618212
0.0269473465401338,0.7736004715995091
0.03384798679417856,0.6939037408667308
0.042360868331253056,0.7344978409210827
0.05276454981639853,0.6219069870672684
0.0653677749056928,0.6891983896051147
0.0804886740739975,0.7411492194527701
0.0984687823847365,0.7335662159770324
0.11965457056709725,0.7906740537536596
0.1444416278816503,0.8492758583137043
0.17329763893140215,0.9015711906817183
0.2068009585275661,1.0167820005205415
0.24569032609083002,1.2414487098644476
0.2909358000140512,1.521531600789825
0.3437773842335105,1.674814970397232
0.4058520135430719,2.1202915420293347
0.47923362694920346,2.5931306189743064
0.5665959265654699,3.2489365686851532
0.6713340807488924,3.9325989218452433
0.7976997658007373,4.826972847573604
0.9510053789755194,6.5813144316547385
1.138349146917135,8.914287660171478
1.3678823544499765,12.437403253655651
1.6502734082291224,17.376447252847644
1.9987300319021675,26.500432745998314
2.4296163265092163,41.86846886199019
2.9635327256058055,62.48346757769615
3.6257411537531743,101.34573254151167
4.447948901588384,185.58116757550079
5.469403679136019,316.53509273086684
6.739065191215777,613.4568259946491
8.317714874703569,1182.3430557714726
10.280965131964805,2572.8844331875807
12.722948506443855,5900.586395399463
15.760647349361427,13408.468728173813
19.53966862782213,31191.771305517086
24.241122805219266,91458.68404429886
30.090313444467608,240686.36848465673
37.36781285478682,774878.1690971924
46.42174913502935,2293827.086001189
57.687083547740464,8257649.5345413815
71.70314330312101,29130640.571294032
89.14162800935948,113169620.55218819
110.83871608575711,478051232.06180614
137.83403759624736,2136566083.6677244
171.42173703830977,8842433101.673351
213.2117807803511,43174780429.38864
265.2059635374311,196720400367.33365
329.89752706779797,1086801661370.9993
410.3873862059622,5798364947525.134
510.53136857876973,30594942901216.902
635.1315101135082,184457206297197.22
790.1632775273121,958647393567241.0
983.0344305761283,6014026155964864.0
1223.0387087759984,3.940875529815854e+16
1521.6251566072633,2.3324133188923024e+17
1893.1414240178617,1.4582598656777275e+18
2355.3844457107416,1.0058696921956207e+19
2930.4917628705707,6.064098300753223e+19
3646.0520402367365,4.172136160175554e+20
4536.3436483379455,2.9589269704745534e+21
5644.07232052029,1.8292695893061919e+22
7022.268316359346,1.3029857942818687e+23
8737.030198316408,9.150821530396808e+23
10870.576994610647,6.172964865328028e+24
13525.074475579579,4.185878472738422e+25
