21.667287610510055,9.999999999999999e-10
21.64040676253281,1.2442008994060738e-09
21.61016741791312,1.5480358780828764e-09
21.57974114495881,1.926067631823586e-09
21.550705481657765,2.3964150798318225e-09
21.51472606040375,2.9816217976770312e-09
21.481924441178187,3.709736522358517e-09
21.449122210532003,4.6156575176780075e-09
21.413918832838174,5.742805234845383e-09
21.380539233801564,7.145203438308535e-09
21.342274938013535,8.890068544382812e-09
21.304984160792767,1.106103127870274e-08
21.264170037600458,1.3762145065320636e-08
21.223897425851565,1.7122873268028756e-08
21.183001172790956,2.13042943204976e-08
21.138828434015934,2.6506822154774767e-08
21.09554437972653,3.297981196536754e-08
21.05051089426867,4.10335117095534e-08
21.003590277148852,5.1053932174815894e-08
20.955117621092093,6.352134833012262e-08
20.904487263886477,7.90333187238249e-08
20.852606768944216,9.833332623922964e-08
20.79981639045815,1.2234641294844038e-07
20.744143959645175,1.522235170295561e-07
20.687868702892686,1.8939663679892911e-07
20.629543736480496,2.356474658497126e-07
20.569420872133982,2.9319278895297384e-07
20.507330486713315,3.6479073171466523e-07
20.44292000906436,4.538729564943853e-07
20.37709186114176,5.647091406864068e-07
20.308984597709188,7.026116207448585e-07
20.23876042072091,8.741900104639102e-07
20.166809330948443,1.0876679972709998e-06
20.091919302756875,1.3532775004597783e-06
20.01535244079855,1.683749083218056e-06
19.936496098542413,2.0949221237140576e-06
19.855154183466823,2.606503990510707e-06
19.771561781985458,3.243014609298935e-06
19.685548949239063,4.034961693676772e-06
19.596905573186834,5.0203029683416836e-06
19.505958593621347,6.246265468501692e-06
19.41269974998335,7.77160911383889e-06
19.316815294331725,9.669443049270767e-06
19.217999400733532,1.2030729738658496e-05
19.116909867739114,1.496864476135027e-05
19.012724261771766,1.862400127496198e-05
18.90622910485491,2.317199913684756e-05
18.79708539919193,2.8830622167102438e-05
18.684964041966047,3.5871086030745464e-05
18.570235704723313,4.463083750212607e-05
18.452582147460955,5.5529728161391463e-05
18.332432696208212,6.909013772217804e-05
18.209408753853253,8.596201149402325e-05
18.083776193859517,0.00010695401201561876
17.955169471586974,0.00013307227794492085
17.823897967688545,0.00016556864790508524
17.68987924425374,0.00020600066063695418
17.55315159104269,0.00025630620724274324
17.41371759516297,0.00031889641357478
17.271583371655687,0.0003967712045871126
17.126908125269846,0.0004936630896057157
16.97959009466575,0.0006142160600910114
16.829608398837273,0.0007642081743948914
16.677056301714515,0.0009508284979155957
16.521880996256126,0.0011830216722875078
16.364305038593788,0.0014719166286769915
16.20408353911504,0.001831359993250665
16.041366000112106,0.0022785797507387786
15.876060057053257,0.00283501097523765
15.708246944872968,0.003527323205216767
15.537619683653364,0.004388698704426617
15.364437715485394,0.005460422875269855
15.188542075784897,0.006793863052548239
15.008970757689697,0.008452930520422194
14.827051162365315,0.010517143756126324
14.64036162106814,0.013085439720555347
14.45008859843277,0.016280915869438892
14.25522645468949,0.020256730167910447
14.055211417358258,0.025203441893940325
13.848613793517922,0.031358145072569205
13.634987994315768,0.03901583230299666
13.412953062542348,0.048543533642464894
13.180915393470837,0.0603979082183037
12.937133091081524,0.07514713172745895
12.679697973652376,0.09349812888309095
12.406207108852694,0.11633045604912651
12.114585221032014,0.14473845804464192
11.802010869921395,0.18008371967779105
11.4663249227815,0.22406032599149886
11.105256375722632,0.27877605911984094
10.717135989900658,0.3468534234897855
10.301605092181504,0.43155534146806684
9.859671661031703,0.536941543998064
9.38991264565427,0.6680631519708745
8.898555784809727,0.8312047745422185
8.389266588288587,1.034185728076047
7.8676837868928855,1.2867348130251426
7.340632918561039,1.6009566116629885
6.814455126114692,1.991911656141183
6.296514297254823,2.4783382741083013
5.792725915183035,3.0835507096780326
5.308472819489988,3.8365565663456453
4.847767910378806,4.773447130469529
4.4136003723698085,5.939127212997506
4.007801451385464,7.389467420098585
3.631167854310392,9.193982010218539
3.2837366396455008,11.439160686237122
2.9648669458654693,14.232614014266826
2.673459869572801,17.708231157450275
2.408095301295882,22.032597132990198
2.1671281969414746,27.412977169118086
1.9488953082894633,34.10725084921475
1.7515700076219523,42.436272182861565
1.5734736113496073,52.79924801735731
1.4129398476694779,65.69287187116005
1.268379720742996,81.7351302666653
1.1383211271640827,101.69492259085713
1.0213863392196854,126.52891415257551
0.9163097294853537,157.4273887895083
0.8219380097902222,195.87129872305513
0.7372041012820374,243.7032460390609
0.6611462190484781,303.21579790997924
0.5928967341912397,377.261368473725
0.5316609532604177,469.38893396617476
0.4767240318679257,584.0141338119728
0.4274623270225802,726.6309105547127
0.38326098737078135,904.0748324484279
0.34363346521917826,1124.8507196627247
0.30809302234053587,1399.5402771019315
0.2762240128639531,1741.3092715252487
0.2476508783963115,2166.5385617758407
0.22202993590001494,2695.6092271594425
0.1990587477948865,3353.879424879076
0.17846158437565,4172.899796934072
0.15999652426728606,5191.925680476795
0.1434410496299588,6459.798601298692
0.12859743528160983,8037.287229717931
0.11529051923670507,10000.0
