3.819856136595284e-07,0.9916654508900944
4.02839569839362e-07,1.0413563761846207
4.4253432720332603e-07,0.9990500902546751
5.00095246275453e-07,1.0560417343326411
5.762582525329107e-07,1.0406357578475014
6.730730202792278e-07,1.0618488839643827
7.936937839487673e-07,1.016010616729854
9.42386510624524e-07,1.0672076306280878
1.1245875760507682e-06,1.0137774536133495
1.3471132883630196e-06,1.0161201991992053
1.6183022452742672e-06,1.070705405024625
1.948444684886025e-06,1.049242068118328
2.3500359817944952e-06,1.0779770297196163
2.8383424980840936e-06,1.0337801680571064
3.4319347795431054e-06,1.0434170543554722
4.1534292935626825e-06,1.059013442836618
5.030327108515871e-06,1.0060755758825217
6.096096959550307e-06,1.062814012157196
7.391408776857624e-06,1.0227836793681628
8.965597330219013e-06,1.0569402668894932
1.0878926080442966e-05,1.0472714579685019
1.3204427567841686e-05,1.0591914312268567
1.603096323380952e-05,0.9936545335800369
1.946661558855319e-05,1.0734257340789544
2.3642719135074255e-05,1.0043824148928961
2.871894574781107e-05,0.996444855988138
3.48896591172941e-05,1.025752523715407
4.239103238863254e-05,1.017476500226541
5.15106168540357e-05,1.0122235865223768
6.25971890315807e-05,1.0443281502401216
7.60763633740659e-05,1.0760937500993843
9.24654407304304e-05,1.0387692381641598
0.00011239374135786665,0.9767446597690758
0.0001366270585779016,1.0447960653444903
0.000166097478199029,1.110150858134054
0.000201937109977507,1.0793565084476429
0.0002455309275648836,1.0082744970388422
0.0002985591007316377,1.0337844091659092
0.0003630694182622882,1.1050523699608963
0.0004415548799268277,1.0500004543440442
0.0005370518909422947,1.0722066738090477
0.0006532599177077095,1.0016480530113638
0.0007946851443947589,0.9704981547029928
0.0009668090028918934,1.0483059389760043
0.0011763135065376226,1.0607209174212981
0.0014313385170256652,1.0219334588152047
0.001741819608798867,1.0338405111664783
0.0021200246832999425,1.043892722498634
0.0025803336211938015,1.0775491009118592
0.003141009616686508,1.0122006080355588
0.0038236588578355905,1.0101913849106
0.004655375036894619,0.9829115202280779
0.005668214672153036,1.0563385099526803
0.0069026322336644096,1.0271025033841914
0.008405872809109162,0.9832505754634805
0.010237641798522424,0.9420633664185021
0.012469370596387492,0.9418473423502338
0.015189279756887691,0.9896169086093527
0.018503428507757696,1.0301965824160626
0.022543834731205466,1.0354589870813555
0.02746745476117484,1.0095665552705428
0.03347248437704004,1.058009363457222
0.040791688658374896,0.9931509435102763
0.04971947720437575,1.0780570948723387
0.06060838179011385,1.0313371738094808
0.07389646653448784,1.1060785233472161
0.09011284303662258,1.0831218671958458
0.10991231867267548,1.0999496233347483
0.13409363345343828,1.0915926062494707
0.16364741313721726,1.0908258612280555
0.1997934456487556,1.1297594924260392
0.2440234615454481,1.1827634018616686
0.29818883098995763,1.0357262474673197
0.36457805504742485,1.0901184785682654
0.44600876553810864,1.1467053865981822
0.5459662726783315,1.1627342639215659
0.6687392941135379,1.1304647476537606
0.8196008940500729,1.1071456128075352
1.0050112064191732,1.0243065377457146
1.23284978252609,1.0684378210499106
1.5126704334705596,1.0369944616042641
1.8560314041602182,1.0120039003738721
2.276832860389784,0.8680658187406415
2.791927671592995,0.8863406970747564
3.4214241679508275,0.7696976066448662
4.1896641409731785,0.6647570228018361
5.126004848698681,0.6233166503486613
6.265939808653674,0.5937375908477389
7.652530959156383,0.5222114412598822
9.33764437000766,0.463658656203508
11.384761277247996,0.3929572337340634
13.870561343041793,0.3471748700286625
16.888290832990283,0.28874623453645004
20.55120374102924,0.26944442787935985
24.996910527692307,0.2225835151222296
30.392578422501053,0.20593963790414713
36.941517205227534,0.2072045895056078
44.8901729250541,0.18571815885247908
54.53905027315145,0.19683515524738796
66.25277658039941,0.22660639034782243
80.47494025424854,0.2668661908307071
97.74487167716661,0.33905575089270906
118.71867702752056,0.524195415562344
144.19380662591425,0.732126333031795
175.14159810003267,1.2543560398996636
212.74354137142478,2.4265683552584196
258.43696306107427,5.3643192471585195
313.97228113087584,12.416212577440234
381.4794354818511,32.05145460142716
463.5545210642011,92.90043662034574
563.3480102666197,289.979719027287
684.7124407470225,1128.1686416267676
832.3276867353994,4425.97192313216
1011.8970622900124,18833.239926114627
1230.3649377893012,95571.89578820331
1496.1904644578965,467290.5878657647
1819.6770830033058,2826876.3896219274
2213.375529105552,17688749.245080873
2692.5695131319367,113860203.88951759
3275.883688587396,864816272.2023672
3986.0031996638495,6772623574.461932
4850.5503621150065,53012211205.203514
5903.181063507913,469554842384.7997
7184.902881181345,4638772575724.245
8745.669334031696,40933947714013.62
10646.307358402557,412665266359519.2
