1.2317756138481366e-09,1.0627592320233858
1.532576326087771e-09,1.039837537239733
1.9068293581912486e-09,1.0477247261278608
2.372483136940036e-09,1.0376282588078805
2.9518443022597596e-09,1.0544723375754241
3.6726822995608383e-09,1.0421223185275938
4.5695587911581164e-09,1.060944454830829
5.6854543460100325e-09,0.9956800712324194
7.073828010883843e-09,1.0036788446806804
8.801271198748788e-09,1.0079139616283086
1.0950529506266631e-08,1.0137933253385611
1.3624733314326575e-08,1.0258858194222946
1.695179696457992e-08,1.017858557124187
2.109149874965677e-08,1.0499020241179315
2.624215748008693e-08,1.0605452170242584
3.265039639293093e-08,1.0316739477329329
4.0623503752437774e-08,1.0440535013312542
5.0543937920021845e-08,1.0299704985514306
6.288666856480595e-08,0.9539375900655452
7.824418449941723e-08,1.0522096916050585
9.735099356738123e-08,1.012501793416627
1.2112369275224727e-07,1.032269781203922
1.5070302893392865e-07,1.069111255779532
1.875041516379665e-07,1.0234105028608924
2.3329175718691448e-07,1.0229917585703514
2.902652444420469e-07,1.0613745844376856
3.611456116266235e-07,1.0511656572132648
4.493374479927252e-07,1.0417830928857466
5.590621617921282e-07,1.0263328160132654
6.956007980986305e-07,1.024498921872863
8.654614491606224e-07,1.073195709993172
1.0767958690461247e-06,1.0189667408924064
1.3397512437035957e-06,1.027424088698428
1.6669648237887538e-06,1.0668553416372362
2.0740003470390034e-06,1.0332673851542393
2.5805330331770205e-06,1.041734172252523
3.2106495272631575e-06,0.9879054985589023
3.994846716306495e-06,1.0424273941728242
4.9703277484367445e-06,1.078739554451196
6.184468395866843e-06,1.0152435483413762
7.694673793109002e-06,1.0591618405317524
9.573797467506096e-06,1.0437521175167
1.1912591304991759e-05,0.994567974569484
1.4821652277743057e-05,1.0682567908148122
1.8442814280083618e-05,1.0198320702033086
2.2946835630815313e-05,0.9759669495926391
2.8553598136746512e-05,0.9893685552554624
3.5528266831750654e-05,1.0547996189572861
4.4210175388365024e-05,1.0000186779392601
5.501443961413496e-05,0.973584036910356
6.845868428069488e-05,1.0539257547898842
8.518980456350194e-05,1.0979711727953103
0.00010601657666681285,1.016781305888028
0.00013193423775535398,1.038800581847776
0.0001641941429606994,0.954860408734034
0.000204350630697059,0.9737279974161037
0.0002543224981311569,1.0058999977584513
0.000316535269868377,1.0197604365972635
0.0003939731301549682,1.0130239188157886
0.0004903859138115633,1.030231875544961
0.0006104238224011927,1.0508320936225144
0.0007598300594837218,1.0391798871313962
0.0009458175672601272,1.043921104924041
0.001177415987657245,0.9803566285906774
0.0014658120275408298,0.9869322434306106
0.0018247651609263115,1.0384160255896677
0.002271744975189891,0.9829404202669141
0.0028282849086114408,0.948707807236738
0.0035207854597085193,0.9639798159480111
0.004382956974797031,1.0252423176035006
0.005455866327123068,0.9510835306403543
0.006790462694518897,0.9125786810856098
0.008450756345505742,0.9835624694036417
0.010514046951003693,0.8835422176049057
0.01307791644194779,0.8405259646747886
0.01626098231230318,0.8321376933850257
0.020209001171339634,0.7993277002856062
0.025101207536663377,0.7889395175454491
0.03115604282797802,0.8143163255843877
0.03864052215378219,0.743164520313694
0.04787809300002691,0.7260453368913309
0.05926541164906121,0.7693739749466028
0.07328379428267352,0.7334828014526695
0.09052100614128301,0.7165817866488772
0.11170175577536239,0.910166733289088
0.13771791905933536,0.9459535380492796
0.1696768672340533,1.061755308205981
0.20895066100603737,1.2731586828441404
0.25727438269816244,1.4313566576880248
0.3167988093477501,1.8375629534209823
0.3902319642204814,2.2653175897436326
0.4809499918639426,2.9185339082301014
0.5931864151214024,3.866145352443128
0.7322089841081989,5.44830729760328
0.9045875203309077,7.01737444085559
1.1185442132948835,10.813946772470867
1.3842449045102274,15.220092513847431
1.7144128705438866,23.470645559051125
2.124827426711151,35.333085585963374
2.6351274800420548,57.92953378992536
3.2698052290171664,99.34811850310342
4.059215880180883,172.37293763081618
5.041200374281459,313.56492911713013
6.262816570211021,625.2124499995008
7.78261733437844,1344.1385707553738
9.673442783052154,2930.0046074606093
12.025896357167289,6255.085217701566
14.952740282547657,15797.884107043761
18.594188042051506,40125.321228327666
23.124946769841884,106157.0195997557
28.761986317426548,330562.75568687974
35.7755494912141,984226.6199269241
44.50180338461355,3326097.6765884524
55.35889180015939,11537511.557444423
68.86721873833717,45136262.565421335
85.67426272625822,170917156.01346812
106.58601645656309,737698292.4369869
132.603113229402,3177895169.02913
164.97432623161566,14606795181.071972
205.2502790028813,75371179219.0906
255.3614957427898,378775109069.4555
317.7097084188237,1906173200228.9119
395.2831678308215,10423517574944.05
491.79978519081334,60088469643997.63
611.8855842840201,351056323301215.6
761.2957511748247,2083375363549305.2
947.1920973855003,1.2298511621746252e+16
1178.4837809589437,8.230106288492994e+16
1466.2569807350326,5.1498633380062074e+17
1824.3033933519885,3.280133571773826e+18
2269.788028789817,2.2447255227847873e+19
2824.0599172159673,1.4528928040263372e+20
3513.6876769252003,9.675544305553842e+20
4371.7267597193,6.71975988552203e+21
5439.3067803856875,4.614700222135158e+22
6767.600970582795,3.346173112380444e+23
8420.281986745651,2.2465242518262417e+24
10476.576790151108,1.6819647968587752e+25
