15.351539057633122,9.999999999999999e-10
15.351539057633122,1.2442008994060738e-09
15.351602929239638,1.5480358780828764e-09
15.351539057633122,1.926067631823586e-09
15.351555025509835,2.3964150798318225e-09
15.351602929239638,2.9816217976770312e-09
15.351570993403158,3.709736522358517e-09
15.351539057633122,4.6156575176780075e-09
15.351634865142554,5.742805234845383e-09
15.351602929239638,7.145203438308535e-09
15.351666801111898,8.890068544382812e-09
15.351475186292342,1.106103127870274e-08
15.351698737147686,1.3762145065320636e-08
15.351602929239638,1.7122873268028756e-08
15.351475186292342,2.13042943204976e-08
15.351602929239638,2.6506822154774767e-08
15.35173067324991,3.297981196536754e-08
15.351634865142554,4.10335117095534e-08
15.35171470519049,5.1053932174815894e-08
15.351475186292342,6.352134833012262e-08
15.35165083311892,7.90333187238249e-08
15.35179454565367,9.833332623922964e-08
15.351602929239638,1.2234641294844038e-07
15.35173067324991,1.522235170295561e-07
15.351890354757586,1.8939663679892911e-07
15.351475186292342,2.356474658497126e-07
15.35173067324991,2.9319278895297384e-07
15.35174664132594,3.6479073171466523e-07
15.35198616445943,4.538729564943853e-07
15.351219703586644,5.647091406864068e-07
15.351443250721605,7.026116207448585e-07
15.351826481955205,8.741900104639102e-07
15.35179454565367,1.0876679972709998e-06
15.350836487500194,1.3532775004597783e-06
15.351475186292342,1.683749083218056e-06
15.350644883044342,2.0949221237140576e-06
15.351187768547385,2.606503990510707e-06
15.349814624704324,3.243014609298935e-06
15.350229748260997,4.034961693676772e-06
15.348026528488175,5.0203029683416836e-06
15.348186171467065,6.246265468501692e-06
15.347834959105382,7.77160911383889e-06
15.345217083837035,9.669443049270767e-06
15.345121316380123,1.2030729738658496e-05
15.341769831894748,1.496864476135027e-05
15.341195365199281,1.862400127496198e-05
15.337174700585125,2.317199913684756e-05
15.335100960236382,2.8830622167102438e-05
15.330157018543405,3.5871086030745464e-05
15.324640823952858,4.463083750212607e-05
15.319242137291571,5.5529728161391463e-05
15.313152471427482,6.909013772217804e-05
15.304760746887805,8.596201149402325e-05
15.296389531573764,0.00010695401201561876
15.286496398248808,0.00013307227794492085
15.274893647296338,0.00016556864790508524
15.263712486888961,0.00020600066063695418
15.249858579556628,0.00025630620724274324
15.234923793881942,0.00031889641357478
15.217233452434957,0.0003967712045871126
15.197018489166819,0.0004936630896057157
15.176477671139814,0.0006142160600910114
15.154235797191296,0.0007642081743948914
15.127999089945517,0.0009508284979155957
15.09786660754336,0.0011830216722875078
15.066873389287881,0.0014719166286769915
15.031101215652829,0.001831359993250665
14.99084360308624,0.0022785797507387786
14.949619824192173,0.00283501097523765
14.901929945058248,0.003527323205216767
14.849643709417148,0.004388698704426617
14.79334979632435,0.005460422875269855
14.729498595790094,0.006793863052548239
14.661820481356894,0.008452930520422194
14.586317755652134,0.010517143756126324
14.503731171552042,0.013085439720555347
14.41393032085601,0.016280915869438892
14.315484974382464,0.020256730167910447
14.20774445468044,0.025203441893940325
14.089221814186653,0.031358145072569205
13.959629733323322,0.03901583230299666
13.816373238203628,0.048543533642464894
13.658188752055421,0.0603979082183037
13.483624986185472,0.07514713172745895
13.289753203001522,0.09349812888309095
13.074358253331958,0.11633045604912651
12.83467205795535,0.14473845804464192
12.569304610322767,0.18008371967779105
12.272929797347091,0.22406032599149886
11.944304193238944,0.27877605911984094
11.580366100154219,0.3468534234897855
11.180509221433393,0.43155534146806684
10.743895276716861,0.536941543998064
10.272791611557945,0.6680631519708745
9.77081191442052,0.8312047745422185
9.241214155845766,1.034185728076047
8.692554010636494,1.2867348130251426
8.131129246830186,1.6009566116629885
7.56584468875651,1.991911656141183
7.005023067058667,2.4783382741083013
6.4552728269853334,3.0835507096780326
5.924211780900142,3.8365565663456453
5.416770695321924,4.773447130469529
4.936805377067229,5.939127212997506
4.486794069719402,7.389467420098585
4.068089910611571,9.193982010218539
3.6811053462857792,11.439160686237122
3.325333357585241,14.232614014266826
2.9998535215055684,17.708231157450275
2.7029512717038298,22.032597132990198
2.4332069604790982,27.412977169118086
2.1886808143189005,34.10725084921475
1.9674744201233145,42.436272182861565
1.7677411974502169,52.79924801735731
1.587623433179785,65.69287187116005
1.4253684608231876,81.7351302666653
1.279286760688026,101.69492259085713
1.1480410530110834,126.52891415257551
1.0300130462024504,157.4273887895083
0.9239965674352053,195.87129872305513
0.8287946950693371,243.7032460390609
0.7433314806803404,303.21579790997924
0.666629857455043,377.261368473725
0.5978062696367749,469.38893396617476
0.536059988958548,584.0141338119728
0.48067316791346487,726.6309105547127
0.4309912572216125,904.0748324484279
0.3864340124636629,1124.8507196627247
0.3464735191530166,1399.5402771019315
0.3106397846124216,1741.3092715252487
0.2785020612170555,2166.5385617758407
0.24968519967724348,2695.6092271594425
0.22384479275100527,3353.879424879076
0.2006738287649865,4172.899796934072
0.17989633668221205,5191.925680476795
0.16126535836482558,6459.798601298692
0.14455897728165434,8037.287229717931
0.12957784358814298,10000.0
