N (e-folds), phi (in Mpl), phi' (in Mpl), T (in Mpl)
0,23.6895,-0.128741,0.000185229
1e-06,23.6895,-0.128741,0.000185229
5.5e-06,23.6895,-0.128741,0.000185229
2.575e-05,23.6895,-0.128741,0.000185229
0.000116875,23.6895,-0.128741,0.000185229
0.000526938,23.6894,-0.128741,0.000185229
0.00237222,23.6892,-0.12874,0.000185229
0.010676,23.6881,-0.128737,0.000185232
0.0480429,23.6833,-0.128724,0.000185243
0.180977,23.6662,-0.128703,0.000185247
0.313912,23.6491,-0.128713,0.000185217
0.446847,23.632,-0.128747,0.000185165
0.579781,23.6149,-0.128799,0.000185102
0.712716,23.5977,-0.128863,0.000185034
0.84565,23.5806,-0.128935,0.000184966
0.978585,23.5635,-0.129011,0.0001849
1.11329,23.5461,-0.129091,0.000184835
1.25443,23.5278,-0.129175,0.00018477
1.40356,23.5086,-0.129264,0.000184704
1.56313,23.4879,-0.129358,0.000184636
1.73722,23.4654,-0.12946,0.000184564
1.9346,23.4399,-0.129575,0.000184484
2.17475,23.4087,-0.129714,0.000184387
2.41219,23.3779,-0.129851,0.000184293
2.65896,23.3458,-0.129994,0.000184194
2.88286,23.3167,-0.130123,0.000184104
3.11538,23.2864,-0.130259,0.00018401
3.3479,23.2561,-0.130394,0.000183916
3.58042,23.2258,-0.13053,0.000183821
3.81294,23.1954,-0.130667,0.000183727
4.04546,23.165,-0.130804,0.000183632
4.27798,23.1346,-0.130941,0.000183537
4.5105,23.1042,-0.131079,0.000183441
4.74302,23.0737,-0.131217,0.000183346
4.97554,23.0431,-0.131356,0.00018325
5.20806,23.0126,-0.131495,0.000183155
5.44058,22.982,-0.131635,0.000183058
5.6731,22.9514,-0.131775,0.000182962
5.90562,22.9207,-0.131916,0.000182866
6.13814,22.89,-0.132057,0.000182769
6.37066,22.8593,-0.132199,0.000182672
6.60318,22.8285,-0.132341,0.000182575
6.8357,22.7977,-0.132484,0.000182478
7.06822,22.7669,-0.132627,0.00018238
7.30074,22.7361,-0.13277,0.000182282
7.53326,22.7052,-0.132914,0.000182184
7.76578,22.6743,-0.133059,0.000182086
7.9983,22.6433,-0.133204,0.000181987
8.23082,22.6123,-0.133349,0.000181889
8.46334,22.5813,-0.133496,0.00018179
8.69586,22.5502,-0.133642,0.000181691
8.92838,22.5191,-0.133789,0.000181591
9.1609,22.488,-0.133937,0.000181492
9.39342,22.4569,-0.134085,0.000181392
9.62594,22.4257,-0.134234,0.000181292
9.85846,22.3944,-0.134383,0.000181192
10.091,22.3632,-0.134532,0.000181091
10.3235,22.3319,-0.134683,0.000180991
10.556,22.3005,-0.134833,0.00018089
10.7885,22.2692,-0.134985,0.000180788
10.9977,22.2409,-0.135121,0.000180697
11.2074,22.2126,-0.135259,0.000180605
11.4169,22.1842,-0.135396,0.000180514
11.6263,22.1558,-0.135534,0.000180422
11.8356,22.1275,-0.135673,0.00018033
12.0447,22.0991,-0.135811,0.000180238
12.2536,22.0707,-0.135951,0.000180145
12.4624,22.0423,-0.13609,0.000180053
12.6711,22.0139,-0.13623,0.00017996
12.8796,21.9855,-0.13637,0.000179868
13.088,21.957,-0.13651,0.000179775
13.2963,21.9286,-0.136651,0.000179682
13.5043,21.9001,-0.136793,0.000179589
13.7123,21.8717,-0.136934,0.000179496
13.9201,21.8432,-0.137076,0.000179402
14.1278,21.8147,-0.137218,0.000179309
14.3353,21.7862,-0.137361,0.000179215
14.5427,21.7577,-0.137504,0.000179121
14.7499,21.7292,-0.137648,0.000179027
14.957,21.7007,-0.137792,0.000178933
15.164,21.6722,-0.137936,0.000178839
15.3708,21.6436,-0.13808,0.000178745
15.5774,21.6151,-0.138225,0.000178651
15.7839,21.5865,-0.138371,0.000178556
15.9903,21.5579,-0.138516,0.000178461
16.1965,21.5294,-0.138663,0.000178366
16.4026,21.5008,-0.138809,0.000178271
16.6086,21.4722,-0.138956,0.000178176
16.8143,21.4436,-0.139103,0.000178081
17.02,21.4149,-0.139251,0.000177986
17.2255,21.3863,-0.139399,0.00017789
17.4309,21.3577,-0.139547,0.000177794
17.6361,21.329,-0.139696,0.000177698
17.8411,21.3003,-0.139846,0.000177602
18.0461,21.2717,-0.139995,0.000177506
18.2508,21.243,-0.140145,0.00017741
18.4555,21.2143,-0.140296,0.000177314
18.66,21.1856,-0.140447,0.000177217
18.8643,21.1569,-0.140598,0.00017712
19.0685,21.1282,-0.14075,0.000177024
19.2726,21.0994,-0.140902,0.000176927
19.4765,21.0707,-0.141054,0.000176829
19.6802,21.0419,-0.141207,0.000176732
19.8838,21.0131,-0.141361,0.000176635
20.0873,20.9844,-0.141514,0.000176537
20.2906,20.9556,-0.141669,0.00017644
20.4938,20.9268,-0.141823,0.000176342
20.6968,20.898,-0.141978,0.000176244
20.8997,20.8692,-0.142134,0.000176145
21.1025,20.8403,-0.14229,0.000176047
21.3051,20.8115,-0.142446,0.000175949
21.5075,20.7826,-0.142603,0.00017585
21.7098,20.7538,-0.14276,0.000175751
21.912,20.7249,-0.142917,0.000175652
22.114,20.696,-0.143076,0.000175553
22.3158,20.6671,-0.143234,0.000175454
22.5175,20.6382,-0.143393,0.000175355
22.7191,20.6093,-0.143552,0.000175255
22.9205,20.5803,-0.143712,0.000175156
23.1218,20.5514,-0.143873,0.000175056
23.3229,20.5224,-0.144033,0.000174956
23.5239,20.4935,-0.144194,0.000174856
23.7247,20.4645,-0.144356,0.000174755
23.9254,20.4355,-0.144518,0.000174655
24.126,20.4065,-0.144681,0.000174554
24.3263,20.3775,-0.144844,0.000174454
24.5266,20.3485,-0.145007,0.000174353
24.7267,20.3195,-0.145171,0.000174252
24.9266,20.2904,-0.145336,0.00017415
25.1264,20.2614,-0.145501,0.000174049
25.3261,20.2323,-0.145666,0.000173948
25.5256,20.2032,-0.145832,0.000173846
25.7249,20.1741,-0.145998,0.000173744
25.9241,20.145,-0.146165,0.000173642
26.1232,20.1159,-0.146332,0.00017354
26.3221,20.0868,-0.1465,0.000173437
26.5209,20.0577,-0.146668,0.000173335
26.7195,20.0285,-0.146837,0.000173232
26.9179,19.9994,-0.147006,0.000173129
27.1162,19.9702,-0.147176,0.000173026
27.3144,19.941,-0.147346,0.000172923
27.5124,19.9118,-0.147517,0.00017282
27.7103,19.8826,-0.147688,0.000172716
27.908,19.8534,-0.14786,0.000172613
28.1056,19.8242,-0.148032,0.000172509
28.303,19.7949,-0.148205,0.000172405
28.5003,19.7657,-0.148378,0.000172301
28.6974,19.7364,-0.148552,0.000172196
28.8944,19.7071,-0.148726,0.000172092
29.0912,19.6778,-0.148901,0.000171987
29.2879,19.6485,-0.149076,0.000171883
29.4844,19.6192,-0.149252,0.000171778
29.6808,19.5899,-0.149429,0.000171672
29.877,19.5605,-0.149605,0.000171567
30.0731,19.5312,-0.149783,0.000171461
30.269,19.5018,-0.149961,0.000171356
30.4648,19.4725,-0.150139,0.00017125
30.6604,19.4431,-0.150318,0.000171144
30.8559,19.4137,-0.150498,0.000171038
31.0512,19.3843,-0.150678,0.000170931
31.2464,19.3548,-0.150859,0.000170825
31.4414,19.3254,-0.15104,0.000170718
31.6363,19.2959,-0.151222,0.000170611
31.831,19.2665,-0.151404,0.000170504
32.0255,19.237,-0.151587,0.000170397
32.22,19.2075,-0.15177,0.000170289
32.4142,19.178,-0.151954,0.000170182
32.6083,19.1485,-0.152139,0.000170074
32.8023,19.119,-0.152324,0.000169966
32.9961,19.0894,-0.15251,0.000169858
33.1898,19.0599,-0.152696,0.000169749
33.3833,19.0303,-0.152883,0.000169641
33.5767,19.0007,-0.153071,0.000169532
33.7699,18.9711,-0.153259,0.000169423
33.9629,18.9415,-0.153447,0.000169314
34.1558,18.9119,-0.153636,0.000169205
34.3486,18.8823,-0.153826,0.000169096
34.5412,18.8526,-0.154017,0.000168986
34.7336,18.823,-0.154208,0.000168876
34.9259,18.7933,-0.154399,0.000168766
35.118,18.7636,-0.154592,0.000168656
35.31,18.7339,-0.154784,0.000168546
35.5019,18.7042,-0.154978,0.000168435
35.6935,18.6745,-0.155172,0.000168324
35.8851,18.6447,-0.155367,0.000168213
36.0764,18.615,-0.155562,0.000168102
36.2677,18.5852,-0.155758,0.000167991
36.4587,18.5555,-0.155955,0.000167879
36.6497,18.5257,-0.156152,0.000167768
36.8404,18.4959,-0.15635,0.000167656
37.031,18.466,-0.156548,0.000167544
37.2215,18.4362,-0.156747,0.000167431
37.4118,18.4063,-0.156947,0.000167319
37.6019,18.3765,-0.157147,0.000167206
37.7919,18.3466,-0.157348,0.000167093
37.9818,18.3167,-0.15755,0.00016698
38.1715,18.2868,-0.157753,0.000166867
38.361,18.2569,-0.157956,0.000166753
38.5504,18.227,-0.158159,0.00016664
38.7396,18.197,-0.158364,0.000166526
38.9286,18.1671,-0.158569,0.000166412
39.1176,18.1371,-0.158775,0.000166297
39.3063,18.1071,-0.158981,0.000166183
39.4949,18.0771,-0.159188,0.000166068
39.6834,18.0471,-0.159396,0.000165953
39.8717,18.017,-0.159605,0.000165838
40.0598,17.987,-0.159814,0.000165723
40.2478,17.9569,-0.160024,0.000165607
40.4356,17.9269,-0.160234,0.000165492
40.6233,17.8968,-0.160446,0.000165376
40.8108,17.8667,-0.160658,0.000165259
40.9982,17.8365,-0.16087,0.000165143
41.1854,17.8064,-0.161084,0.000165027
41.3724,17.7762,-0.161298,0.00016491
41.5593,17.7461,-0.161513,0.000164793
41.746,17.7159,-0.161729,0.000164676
41.9326,17.6857,-0.161945,0.000164558
42.119,17.6555,-0.162162,0.00016444
42.3053,17.6253,-0.16238,0.000164323
42.4914,17.595,-0.162599,0.000164205
42.6774,17.5648,-0.162818,0.000164086
42.8632,17.5345,-0.163038,0.000163968
43.0488,17.5042,-0.163259,0.000163849
43.2343,17.4739,-0.163481,0.00016373
43.4196,17.4436,-0.163704,0.000163611
43.6048,17.4133,-0.163927,0.000163492
43.7898,17.3829,-0.164151,0.000163372
43.9746,17.3525,-0.164376,0.000163252
44.1593,17.3222,-0.164601,0.000163132
44.3439,17.2918,-0.164828,0.000163012
44.5283,17.2614,-0.165055,0.000162891
44.7125,17.2309,-0.165283,0.00016277
44.8965,17.2005,-0.165512,0.00016265
45.0804,17.17,-0.165742,0.000162528
45.2642,17.1396,-0.165972,0.000162407
45.4478,17.1091,-0.166203,0.000162285
45.6312,17.0786,-0.166435,0.000162163
45.8145,17.048,-0.166668,0.000162041
45.9976,17.0175,-0.166902,0.000161919
46.1805,16.9869,-0.167137,0.000161796
46.3633,16.9564,-0.167372,0.000161673
46.5459,16.9258,-0.167609,0.00016155
46.7284,16.8952,-0.167846,0.000161427
46.9107,16.8645,-0.168084,0.000161304
47.0929,16.8339,-0.168323,0.00016118
47.2749,16.8033,-0.168563,0.000161056
47.4567,16.7726,-0.168803,0.000160931
47.6384,16.7419,-0.169045,0.000160807
47.8199,16.7112,-0.169288,0.000160682
48.0013,16.6805,-0.169531,0.000160557
48.1825,16.6497,-0.169775,0.000160432
48.3635,16.619,-0.17002,0.000160307
48.5444,16.5882,-0.170267,0.000160181
48.7251,16.5574,-0.170514,0.000160055
48.9056,16.5266,-0.170762,0.000159929
49.086,16.4958,-0.17101,0.000159802
49.2662,16.4649,-0.17126,0.000159675
49.4463,16.4341,-0.171511,0.000159548
49.6262,16.4032,-0.171763,0.000159421
49.806,16.3723,-0.172015,0.000159294
49.9855,16.3414,-0.172269,0.000159166
50.165,16.3104,-0.172524,0.000159038
50.3442,16.2795,-0.172779,0.00015891
50.5233,16.2485,-0.173036,0.000158781
50.7023,16.2175,-0.173293,0.000158652
50.881,16.1865,-0.173552,0.000158523
51.0596,16.1555,-0.173812,0.000158394
51.2381,16.1245,-0.174072,0.000158264
51.4164,16.0934,-0.174334,0.000158135
51.5945,16.0623,-0.174596,0.000158005
51.7725,16.0312,-0.17486,0.000157874
51.9502,16.0001,-0.175125,0.000157744
52.1279,15.969,-0.17539,0.000157613
52.3054,15.9379,-0.175657,0.000157481
52.4827,15.9067,-0.175925,0.00015735
52.6598,15.8755,-0.176194,0.000157218
52.8368,15.8443,-0.176464,0.000157086
53.0136,15.8131,-0.176734,0.000156954
53.1902,15.7818,-0.177007,0.000156821
53.3667,15.7506,-0.17728,0.000156689
53.5431,15.7193,-0.177554,0.000156555
53.7192,15.688,-0.177829,0.000156422
53.8952,15.6566,-0.178106,0.000156288
54.071,15.6253,-0.178383,0.000156154
54.2467,15.5939,-0.178662,0.00015602
54.4222,15.5626,-0.178942,0.000155886
54.5975,15.5312,-0.179223,0.000155751
54.7727,15.4998,-0.179505,0.000155616
54.9477,15.4683,-0.179788,0.00015548
55.1225,15.4369,-0.180073,0.000155345
55.2972,15.4054,-0.180358,0.000155209
55.4717,15.3739,-0.180645,0.000155072
55.6461,15.3424,-0.180933,0.000154936
55.8202,15.3108,-0.181222,0.000154799
55.9942,15.2793,-0.181513,0.000154662
56.1681,15.2477,-0.181805,0.000154524
56.3418,15.2161,-0.182097,0.000154387
56.5153,15.1845,-0.182391,0.000154249
56.6886,15.1528,-0.182687,0.00015411
56.8618,15.1212,-0.182983,0.000153972
57.0348,15.0895,-0.183281,0.000153833
57.2076,15.0578,-0.18358,0.000153693
57.3803,15.026,-0.183881,0.000153554
57.5528,14.9943,-0.184182,0.000153414
57.7252,14.9625,-0.184485,0.000153274
57.8973,14.9307,-0.184789,0.000153133
58.0693,14.8989,-0.185095,0.000152992
58.2412,14.8671,-0.185402,0.000152851
58.4128,14.8352,-0.18571,0.000152709
58.5843,14.8034,-0.18602,0.000152568
58.7557,14.7715,-0.18633,0.000152425
58.9268,14.7395,-0.186643,0.000152283
59.0978,14.7076,-0.186956,0.00015214
59.2686,14.6756,-0.187271,0.000151997
59.4393,14.6437,-0.187588,0.000151854
59.6098,14.6116,-0.187906,0.00015171
59.7801,14.5796,-0.188225,0.000151566
59.9502,14.5476,-0.188545,0.000151421
60.1202,14.5155,-0.188868,0.000151277
60.29,14.4834,-0.189191,0.000151131
60.4597,14.4513,-0.189516,0.000150986
60.6291,14.4191,-0.189843,0.00015084
60.7984,14.387,-0.19017,0.000150694
60.9676,14.3548,-0.1905,0.000150548
61.1365,14.3226,-0.190831,0.000150401
61.3053,14.2903,-0.191163,0.000150254
61.4739,14.2581,-0.191497,0.000150106
61.6424,14.2258,-0.191833,0.000149958
61.8106,14.1935,-0.19217,0.00014981
61.9788,14.1611,-0.192508,0.000149661
62.1467,14.1288,-0.192848,0.000149512
62.3144,14.0964,-0.19319,0.000149363
62.482,14.064,-0.193533,0.000149213
62.6494,14.0316,-0.193878,0.000149063
62.8167,13.9991,-0.194225,0.000148913
62.9838,13.9666,-0.194573,0.000148762
63.1507,13.9341,-0.194923,0.000148611
63.3174,13.9016,-0.195275,0.00014846
63.484,13.869,-0.195628,0.000148308
63.6503,13.8365,-0.195983,0.000148155
63.8166,13.8039,-0.196339,0.000148003
63.9826,13.7712,-0.196697,0.00014785
64.1485,13.7386,-0.197057,0.000147696
64.3141,13.7059,-0.197419,0.000147543
64.4797,13.6732,-0.197783,0.000147388
64.645,13.6404,-0.198148,0.000147234
64.8102,13.6077,-0.198515,0.000147079
64.9752,13.5749,-0.198884,0.000146924
65.14,13.5421,-0.199255,0.000146768
65.3047,13.5093,-0.199627,0.000146612
65.4691,13.4764,-0.200001,0.000146455
65.6334,13.4435,-0.200378,0.000146298
65.7976,13.4106,-0.200756,0.000146141
65.9615,13.3776,-0.201136,0.000145983
66.1253,13.3447,-0.201518,0.000145825
66.2889,13.3117,-0.201901,0.000145667
66.4523,13.2786,-0.202287,0.000145508
66.6156,13.2456,-0.202675,0.000145348
66.7787,13.2125,-0.203064,0.000145188
66.9416,13.1794,-0.203456,0.000145028
67.1043,13.1462,-0.20385,0.000144867
67.2668,13.1131,-0.204245,0.000144706
67.4292,13.0799,-0.204643,0.000144545
67.5914,13.0466,-0.205043,0.000144383
67.7534,13.0134,-0.205445,0.000144221
67.9153,12.9801,-0.205849,0.000144058
68.077,12.9468,-0.206255,0.000143894
68.2385,12.9135,-0.206663,0.000143731
68.3998,12.8801,-0.207074,0.000143567
68.5609,12.8467,-0.207486,0.000143402
68.7219,12.8132,-0.207901,0.000143237
68.8827,12.7798,-0.208318,0.000143071
69.0433,12.7463,-0.208737,0.000142906
69.2037,12.7128,-0.209159,0.000142739
69.364,12.6792,-0.209582,0.000142572
69.5241,12.6456,-0.210008,0.000142405
69.684,12.612,-0.210437,0.000142237
69.8437,12.5784,-0.210867,0.000142069
70.0032,12.5447,-0.2113,0.0001419
70.1626,12.511,-0.211736,0.000141731
70.3218,12.4772,-0.212174,0.000141561
70.4808,12.4435,-0.212614,0.000141391
70.6396,12.4097,-0.213057,0.00014122
70.7983,12.3758,-0.213502,0.000141049
70.9568,12.342,-0.213949,0.000140877
71.1151,12.3081,-0.2144,0.000140705
71.2732,12.2741,-0.214852,0.000140533
71.4311,12.2402,-0.215308,0.000140359
71.5889,12.2061,-0.215765,0.000140186
71.7465,12.1721,-0.216226,0.000140012
71.9039,12.138,-0.216689,0.000139837
72.0611,12.1039,-0.217155,0.000139662
72.2181,12.0698,-0.217623,0.000139486
72.375,12.0356,-0.218095,0.00013931
72.5317,12.0014,-0.218569,0.000139133
72.6882,11.9672,-0.219045,0.000138955
72.8445,11.9329,-0.219525,0.000138778
73.0007,11.8986,-0.220007,0.000138599
73.1566,11.8642,-0.220492,0.00013842
73.3124,11.8298,-0.220981,0.000138241
73.468,11.7954,-0.221472,0.000138061
73.6235,11.7609,-0.221966,0.00013788
73.7787,11.7264,-0.222463,0.000137699
73.9338,11.6919,-0.222963,0.000137517
74.0887,11.6573,-0.223466,0.000137335
74.2434,11.6227,-0.223972,0.000137152
74.3979,11.5881,-0.224481,0.000136969
74.5523,11.5534,-0.224993,0.000136785
74.7064,11.5187,-0.225509,0.0001366
74.8604,11.4839,-0.226028,0.000136415
75.0142,11.4491,-0.22655,0.000136229
75.1678,11.4143,-0.227075,0.000136042
75.3213,11.3794,-0.227603,0.000135855
75.4745,11.3444,-0.228135,0.000135668
75.6276,11.3095,-0.228671,0.00013548
75.7805,11.2745,-0.229209,0.000135291
75.9332,11.2394,-0.229752,0.000135101
76.0858,11.2043,-0.230297,0.000134911
76.2381,11.1692,-0.230846,0.00013472
76.3903,11.134,-0.231399,0.000134529
76.5423,11.0988,-0.231956,0.000134337
76.6941,11.0636,-0.232516,0.000134144
76.8458,11.0283,-0.233079,0.000133951
76.9972,10.9929,-0.233647,0.000133757
77.1485,10.9575,-0.234218,0.000133562
77.2996,10.9221,-0.234793,0.000133367
77.4505,10.8866,-0.235372,0.000133171
77.6013,10.8511,-0.235955,0.000132974
77.7518,10.8155,-0.236542,0.000132777
77.9022,10.7799,-0.237133,0.000132579
78.0524,10.7443,-0.237728,0.00013238
78.2024,10.7085,-0.238327,0.000132181
78.3523,10.6728,-0.23893,0.00013198
78.5019,10.637,-0.239538,0.00013178
78.6514,10.6011,-0.240149,0.000131578
78.8007,10.5652,-0.240765,0.000131375
78.9498,10.5293,-0.241385,0.000131172
79.0987,10.4933,-0.24201,0.000130968
79.2475,10.4572,-0.242639,0.000130764
79.3961,10.4211,-0.243273,0.000130558
79.5445,10.385,-0.243912,0.000130352
79.6927,10.3488,-0.244555,0.000130145
79.8408,10.3125,-0.245202,0.000129938
79.9886,10.2762,-0.245855,0.000129729
80.1363,10.2399,-0.246512,0.00012952
80.2839,10.2035,-0.247174,0.00012931
80.4312,10.167,-0.247841,0.000129099
80.5784,10.1305,-0.248513,0.000128887
80.7253,10.0939,-0.249191,0.000128674
80.8722,10.0573,-0.249873,0.000128461
81.0188,10.0206,-0.250561,0.000128247
81.1653,9.98381,-0.251254,0.000128032
81.3115,9.94701,-0.251952,0.000127816
81.4577,9.91014,-0.252656,0.000127599
81.6036,9.87322,-0.253365,0.000127381
81.7494,9.83623,-0.25408,0.000127162
81.895,9.79919,-0.2548,0.000126943
82.0404,9.76208,-0.255527,0.000126722
82.1856,9.72491,-0.256259,0.000126501
82.3307,9.68768,-0.256997,0.000126279
82.4756,9.65039,-0.257741,0.000126055
82.6204,9.61303,-0.258491,0.000125831
82.7649,9.5756,-0.259247,0.000125606
82.9093,9.53811,-0.26001,0.00012538
83.0536,9.50055,-0.260779,0.000125153
83.1976,9.46293,-0.261554,0.000124924
83.3415,9.42523,-0.262336,0.000124695
83.4853,9.38747,-0.263125,0.000124465
83.6288,9.34963,-0.263921,0.000124234
83.7723,9.31173,-0.264723,0.000124001
83.9155,9.27375,-0.265532,0.000123768
84.0586,9.23569,-0.266349,0.000123534
84.2015,9.19756,-0.267172,0.000123298
84.3443,9.15936,-0.268003,0.000123061
84.4869,9.12108,-0.268842,0.000122824
84.6294,9.08272,-0.269688,0.000122585
84.7717,9.04428,-0.270542,0.000122345
84.9139,9.00576,-0.271403,0.000122103
85.0559,8.96715,-0.272273,0.000121861
85.1977,8.92847,-0.27315,0.000121617
85.3394,8.8897,-0.274036,0.000121373
85.481,8.85084,-0.274931,0.000121127
85.6224,8.8119,-0.275833,0.000120879
85.7637,8.77286,-0.276745,0.000120631
85.9048,8.73374,-0.277665,0.000120381
86.0459,8.69452,-0.278595,0.000120129
86.1867,8.6552,-0.279533,0.000119877
86.3275,8.6158,-0.280481,0.000119623
86.4681,8.57629,-0.281439,0.000119368
86.6086,8.53668,-0.282406,0.000119111
86.7489,8.49698,-0.283383,0.000118853
86.8892,8.45716,-0.284371,0.000118593
87.0293,8.41725,-0.285368,0.000118332
87.1693,8.37722,-0.286377,0.00011807
87.3092,8.33708,-0.287396,0.000117806
87.449,8.29683,-0.288426,0.00011754
87.5887,8.25646,-0.289467,0.000117273
87.7283,8.21598,-0.290519,0.000117004
87.8679,8.17537,-0.291584,0.000116733
88.0073,8.13464,-0.29266,0.000116461
88.1467,8.09378,-0.293749,0.000116187
88.286,8.05279,-0.29485,0.000115911
88.4252,8.01166,-0.295964,0.000115634
88.5643,7.97039,-0.297092,0.000115355
88.7034,7.92899,-0.298233,0.000115073
88.8425,7.88743,-0.299387,0.00011479
88.9815,7.84573,-0.300556,0.000114505
89.1205,7.80387,-0.30174,0.000114218
89.2595,7.76184,-0.302938,0.000113929
89.3985,7.71965,-0.304152,0.000113637
89.5375,7.67729,-0.305382,0.000113344
89.6765,7.63475,-0.306628,0.000113048
89.8156,7.59202,-0.307891,0.00011275
89.9547,7.5491,-0.309172,0.000112449
90.0939,7.50598,-0.31047,0.000112146
90.2332,7.46265,-0.311787,0.000111841
90.3726,7.4191,-0.313123,0.000111532
90.5121,7.37532,-0.314479,0.000111221
90.6517,7.3313,-0.315856,0.000110907
90.7916,7.28703,-0.317254,0.00011059
90.9317,7.24248,-0.318675,0.00011027
91.0721,7.19765,-0.320118,0.000109947
91.2127,7.15252,-0.321587,0.00010962
91.3537,7.10707,-0.323081,0.00010929
91.4952,7.06126,-0.324602,0.000108956
91.6371,7.01508,-0.326152,0.000108617
91.7796,6.9685,-0.327732,0.000108275
91.9228,6.92146,-0.329345,0.000107927
92.0667,6.87393,-0.330993,0.000107575
92.2117,6.82584,-0.332679,0.000107216
92.3577,6.77711,-0.334406,0.000106852
92.5053,6.72765,-0.33618,0.00010648
92.6546,6.67729,-0.338008,0.0001061
92.8065,6.62584,-0.339899,0.00010571
92.9618,6.5729,-0.341868,0.000105306
93.1226,6.51774,-0.343947,0.000104884
93.2953,6.45814,-0.346225,0.000104425
93.4697,6.39756,-0.348575,0.000103956
93.6429,6.33697,-0.350961,0.000103484
93.7975,6.28254,-0.353136,0.000103058
93.9468,6.22968,-0.355276,0.000102642
94.0933,6.17747,-0.357418,0.000102229
94.2545,6.11966,-0.359824,0.000101769
94.3957,6.06872,-0.361974,0.000101362
94.547,6.01374,-0.364325,0.00010092
94.6984,5.95841,-0.366727,0.000100473
94.8339,5.90859,-0.368919,0.000100068
94.9746,5.85649,-0.371242,9.96424e-05
95.1154,5.80407,-0.373613,9.92121e-05
95.2562,5.7513,-0.376033,9.87766e-05
95.397,5.69819,-0.378504,9.83358e-05
95.5231,5.65031,-0.380762,9.79364e-05
95.6524,5.60091,-0.383124,9.75222e-05
95.7818,5.5512,-0.385532,9.71032e-05
95.9111,5.50118,-0.38799,9.66794e-05
96.0405,5.45083,-0.390499,9.62505e-05
96.1698,5.40016,-0.39306,9.58165e-05
96.2991,5.34916,-0.395675,9.53773e-05
96.4152,5.30309,-0.39807,9.49784e-05
96.5332,5.25598,-0.400552,9.45685e-05
96.6494,5.20927,-0.403047,9.41599e-05
96.7645,5.16276,-0.405565,9.37509e-05
96.8783,5.11646,-0.408107,9.33416e-05
96.9909,5.07036,-0.410672,9.29319e-05
97.1024,5.02444,-0.413262,9.25218e-05
97.2127,4.9787,-0.415878,9.21111e-05
97.3219,4.93314,-0.41852,9.16997e-05
97.43,4.88774,-0.421189,9.12877e-05
97.5371,4.8425,-0.423885,9.08749e-05
97.6431,4.7974,-0.426611,9.04613e-05
97.7482,4.75246,-0.429365,9.00468e-05
97.8522,4.70766,-0.43215,8.96314e-05
97.9552,4.66299,-0.434965,8.92149e-05
98.0573,4.61845,-0.437813,8.87975e-05
98.1584,4.57403,-0.440692,8.83789e-05
98.2586,4.52974,-0.443605,8.79591e-05
98.3578,4.48557,-0.446552,8.75381e-05
98.4561,4.44151,-0.449533,8.71159e-05
98.5536,4.39756,-0.45255,8.66924e-05
98.6501,4.35372,-0.455604,8.62675e-05
98.7458,4.30998,-0.458694,8.58412e-05
98.8406,4.26634,-0.461823,8.54134e-05
98.9346,4.2228,-0.464991,8.49842e-05
99.0277,4.17935,-0.468199,8.45534e-05
99.12,4.13599,-0.471447,8.4121e-05
99.2114,4.09273,-0.474737,8.3687e-05
99.3021,4.04955,-0.47807,8.32513e-05
99.3919,4.00646,-0.481446,8.28138e-05
99.4809,3.96345,-0.484866,8.23747e-05
99.5692,3.92052,-0.488332,8.19336e-05
99.6566,3.87766,-0.491844,8.14908e-05
99.7433,3.83489,-0.495404,8.1046e-05
99.8291,3.79219,-0.499012,8.05992e-05
99.9142,3.74956,-0.502669,8.01505e-05
99.9986,3.707,-0.506377,7.96997e-05
100.082,3.66452,-0.510137,7.92468e-05
100.165,3.6221,-0.513949,7.87918e-05
100.247,3.57975,-0.517815,7.83345e-05
100.328,3.53746,-0.521736,7.78751e-05
100.409,3.49524,-0.525713,7.74133e-05
100.489,3.45308,-0.529748,7.69492e-05
100.568,3.41098,-0.53384,7.64828e-05
100.647,3.36894,-0.537993,7.60138e-05
100.724,3.32696,-0.542206,7.55424e-05
100.801,3.28504,-0.546482,7.50684e-05
100.878,3.24317,-0.550821,7.45919e-05
100.953,3.20136,-0.555225,7.41126e-05
101.028,3.1596,-0.559694,7.36307e-05
101.102,3.1179,-0.564231,7.31459e-05
101.176,3.07625,-0.568837,7.26584e-05
101.249,3.03465,-0.573512,7.21679e-05
101.321,2.9931,-0.578259,7.16745e-05
101.392,2.9516,-0.583078,7.1178e-05
101.463,2.91015,-0.587971,7.06785e-05
101.533,2.86874,-0.592939,7.01758e-05
101.603,2.82738,-0.597985,6.96698e-05
101.672,2.78607,-0.603108,6.91606e-05
101.74,2.7448,-0.60831,6.8648e-05
101.807,2.70357,-0.613593,6.81319e-05
101.874,2.66239,-0.618957,6.76123e-05
101.94,2.62124,-0.624405,6.70891e-05
102.006,2.58014,-0.629937,6.65621e-05
102.071,2.53908,-0.635555,6.60314e-05
102.135,2.49805,-0.641259,6.54968e-05
102.198,2.45707,-0.647051,6.49582e-05
102.261,2.41611,-0.652931,6.44155e-05
102.324,2.37519,-0.6589,6.38686e-05
102.386,2.33431,-0.66496,6.33174e-05
102.447,2.29346,-0.67111,6.27618e-05
102.507,2.25263,-0.677352,6.22016e-05
102.567,2.21183,-0.683685,6.16368e-05
102.627,2.17106,-0.69011,6.10672e-05
102.685,2.13032,-0.696626,6.04926e-05
102.744,2.08959,-0.703232,5.99129e-05
102.801,2.04888,-0.70993,5.9328e-05
102.858,2.00819,-0.716716,5.87376e-05
102.915,1.96752,-0.72359,5.81415e-05
102.971,1.92685,-0.730549,5.75397e-05
103.026,1.88618,-0.737592,5.69318e-05
103.081,1.84552,-0.744715,5.63176e-05
103.135,1.80484,-0.751915,5.56969e-05
103.189,1.76416,-0.759186,5.50694e-05
103.243,1.72346,-0.766524,5.44348e-05
103.295,1.68273,-0.773923,5.37927e-05
103.348,1.64196,-0.781374,5.31427e-05
103.4,1.60114,-0.788869,5.24845e-05
103.451,1.56026,-0.796398,5.18176e-05
103.503,1.5193,-0.803949,5.11413e-05
103.553,1.47824,-0.811506,5.04551e-05
103.604,1.43705,-0.819055,4.97581e-05
103.654,1.39571,-0.826576,4.90495e-05
103.704,1.35417,-0.834047,4.83282e-05
103.704,1.35417,-0.834047,4.83282e-05
103.704,1.35417,-0.834047,4.83282e-05
103.704,1.35417,-0.834048,4.83281e-05
103.704,1.35415,-0.834051,4.83278e-05
103.704,1.35408,-0.834064,4.83265e-05
103.705,1.35373,-0.834125,4.83205e-05
103.707,1.35219,-0.8344,4.82936e-05
103.715,1.34526,-0.835636,4.81722e-05
103.752,1.31393,-0.841172,4.76201e-05
103.802,1.27203,-0.848434,4.68728e-05
103.852,1.22956,-0.855588,4.61043e-05
103.902,1.18655,-0.862563,4.53144e-05
103.952,1.14281,-0.869313,4.44987e-05
104.004,1.098,-0.875784,4.36494e-05
104.057,1.05146,-0.881926,4.27521e-05
104.109,1.00507,-0.887336,4.1841e-05
104.161,0.958412,-0.891906,4.09075e-05
104.214,0.911541,-0.895441,3.99512e-05
104.26,0.870005,-0.897521,3.90872e-05
104.307,0.827791,-0.898443,3.81925e-05
104.354,0.785565,-0.89796,3.72796e-05
104.396,0.748442,-0.896193,3.64613e-05
104.437,0.711012,-0.892948,3.56204e-05
104.479,0.673752,-0.888055,3.47665e-05
104.521,0.636733,-0.881323,3.39004e-05
104.563,0.600039,-0.872561,3.30231e-05
104.605,0.563756,-0.861581,3.21358e-05
104.642,0.531684,-0.849721,3.13337e-05
104.68,0.499973,-0.835774,3.05229e-05
104.717,0.469068,-0.819828,2.97142e-05
104.754,0.438966,-0.80183,2.89073e-05
104.791,0.409677,-0.78175,2.81024e-05
104.828,0.381219,-0.759581,2.72995e-05
104.865,0.353611,-0.735347,2.64989e-05
104.902,0.326874,-0.709096,2.57008e-05
104.939,0.301026,-0.680906,2.49052e-05
104.977,0.276078,-0.65088,2.4112e-05
105.015,0.252036,-0.619141,2.33207e-05
