2.870577044187835e-08,1.0405001557555627
3.062755693184958e-08,1.0360709849263392
3.424725375452235e-08,1.0232600633561162
3.950676746767029e-08,1.0625932169708707
4.65300115455454e-08,1.013547078451331
5.556942399440704e-08,1.04035512223205
6.700460675839077e-08,1.035434947085609
8.134076703316284e-08,1.0237766993513364
9.923071308924097e-08,1.0539292857502285
1.2149250607432714e-07,1.0253935554820295
1.4914912947060343e-07,1.06183460923393
1.8348516485851098e-07,1.0753175392764287
2.2609146468811088e-07,1.1118589557342013
2.7894352249396733e-07,1.0376057194708597
3.445074187041891e-07,0.9556894271257207
4.258252565366477e-07,1.0171470913162441
5.266821658350067e-07,1.1250535122061758
6.51778113806575e-07,1.0333745400002856
8.069377389151842e-07,1.0129801954694015
9.993962220701576e-07,0.9999283755819133
1.2381230811260131e-06,0.995917115686258
1.534251033526659e-06,0.9970372061301106
1.9016015667837957e-06,0.992435678846307
2.357308911945533e-06,1.0154920305808977
2.9226662310474525e-06,1.048290288613426
3.624078033426041e-06,1.0839669546740134
4.494313896731188e-06,1.0464791052363873
5.574107191612799e-06,0.9962333897598784
6.913989230638378e-06,0.997223290507018
8.57672911040669e-06,1.0224236673693412
1.064026315254464e-05,1.0348862596221629
1.320150470654418e-05,1.0244935736170782
1.638071071669807e-05,1.0494721071709279
2.032742475752961e-05,1.0135833797338487
2.5227535792301698e-05,1.0514291651276961
3.131190495352795e-05,1.0388622069667803
3.886765379716289e-05,1.0180024708174191
4.825172281876135e-05,1.012675803552846
5.9907837695953505e-05,1.0759741538901229
7.438783213388013e-05,1.0307933974798624
9.237760510426055e-05,1.071883098151507
0.00011473061677755444,1.0225770690476321
0.0001425079331016024,1.0176263447965075
0.00017702920312613908,1.039335204345051
0.0002199356986246155,1.0222246671092072
0.000273268606671965,1.0536160643994616
0.00033956738198067385,1.0365471158618296
0.0004219909886545001,1.0094977872340734
0.000524480043553812,1.047741696651893
0.0006519387160130644,1.0368208962196774
0.0008104113292831253,1.0524508054173896
0.0010074345353814225,0.9725358681355994
0.001252548845949451,1.070625249012269
0.0015573039106412505,1.0611731844051377
0.0019364651752796233,0.9491152811058859
0.002408039829669132,0.9619281754887005
0.0029945587853171746,0.9698656098394949
0.003724083768735051,0.9001500489870992
0.004631844194060321,0.8575192376175955
0.005760918326269135,0.8700573138044779
0.007165580284636886,0.840807162873276
0.008913577939010296,0.802067207458557
0.01108792591569019,0.8321870923375246
0.013793804755427862,0.7678740973680571
0.017161590991889394,0.7467705637777757
0.021352044813327888,0.7958355787668113
0.026568015868824443,0.7740020418798456
0.033060990605670235,0.7047782537987052
0.04114541020150438,0.7519541632429833
0.05121087260931003,0.7676837453930238
0.06374949231067648,0.6828447971737799
0.07937303464061539,0.6787834648169221
0.0988451707706487,0.6947756677040797
0.12312508577633835,0.7246488637581823
0.15342521261615918,0.7442467905501094
0.1912626657223252,0.7310249668480885
0.23855860932749529,0.7370186584079358
0.29773852805882506,0.7175918825520656
0.3718767077527491,0.7690505580458519
0.46486965551074705,0.7132009380546138
0.5816517155190704,0.7001245364230707
0.728473050803974,0.7316024395132404
0.9132196391357639,0.6970345873460565
1.1457964469441375,0.7084046941768007
1.4385873378402243,0.6488792538708011
1.8069679821586528,0.6363543764170364
2.269938704180675,0.6082676015469627
2.850890634415624,0.5393792931923027
3.5785790852046775,0.5227562602824759
4.488380465547771,0.41847210276120655
5.6238204833560115,0.3673231433911829
7.038614764383168,0.3268961000534956
8.799096142041712,0.2706117829037262
10.987389716475306,0.22988056330218234
13.705078306208446,0.19221956901515264
17.078047746990613,0.1621506771214211
21.26219674679655,0.1278687283048959
26.450901468698408,0.10439176175972702
32.88315441428912,0.08051225466308
40.855386865439215,0.061701291473986404
50.734658939456125,0.04830629438520359
62.97534468321054,0.0395045254918549
78.14034214634323,0.02958831892871647
96.92659330938199,0.023868312482285475
120.19692497436186,0.019027052624615175
149.02047591766419,0.015536638572161535
184.72099024230548,0.013072485640335429
228.93872309395553,0.012360843069918463
283.70559376109054,0.010303526176201765
351.5397160366626,0.010224663600642225
435.562074896581,0.010878855395474485
539.6417703458326,0.012119438105791934
668.5774609012644,0.015659738082535065
828.319548370142,0.023481367999615158
1026.251600477577,0.03980245990529871
1271.5334241266874,0.07690766289304846
1575.5386063319631,0.19875298647655715
1952.3815689625233,0.5242437664261709
2419.592653943654,1.6729881191744913
2998.9410012422554,6.5278736654067835
3717.471834536453,28.748180392784658
4608.783125358768,148.09370458615453
5714.621607688858,934.8059936806994
7086.877746324256,6354.2519446181195
8790.025757720272,50583.18298654606
10904.209820924792,480391.47407508944
