1.0906674694425122e-7 1.0088881913195697
1.3798437244440986e-7 1.0088875086435682
4.2435138061696836e-7 1.008896141498122
7.07590918476903e-7 1.0089050992263886
9.890983217940203e-7 1.0089026988863523
1.2694189034695573e-6 1.008909430296162
4.040779598580384e-6 1.0089362234675798
6.784371058691999e-6 1.0089302634464823
9.513710079719941e-6 1.0089059652273413
0.000012233639572281847 1.0088782656198327
0.000023057171135974678 1.0087019024044752
0.00003382814614910783 1.0084896430543395
0.00004456802110309876 1.0082568425311798
0.00005528650707346055 1.0080294357621769
0.00006598905387221875 1.0077939201847976
0.0000766790988789758 1.0075539551418182
0.000087358982414145 1.0073082163994278
0.00009803038716642036 1.0070874690296683
0.00010869457481427285 1.0068566547092248
0.0002150843806290355 1.0045764015866314
0.00032121909924415036 1.0024718134417547
0.00042721752132937385 1.0005268934364047
0.0005331276964169908 0.9987207025647211
0.0006389748302691368 0.9970556787935344
0.0007447741152676428 0.995509954994096
0.0008505355497188687 0.9940763483824926
0.0009562661310075527 0.9927379410188583
0.0010619709838218686 0.9914933335771791
0.0021206494348969475 0.9831625528799083
0.0031735955822314475 0.979150665721439
0.0042334384595284595 0.9780528431028349
0.005283561331992628 0.977857827549431
0.006345345269739894 0.979023249694777
0.007393185004715675 0.9800468994653516
0.008447844111521136 0.9816531975058875
0.00950259291715656 0.9834136172917751
0.010557370003411426 0.9852604865451303
0.02110854630766515 1.0034473754088393
0.03166843445858374 1.0188084817286318
0.04223849525193745 1.0319414075110669
0.05281936070852539 1.0435129899481703
0.06341141090664777 1.0539141519582957
0.07401491970341943 1.0633860900793675
0.08463010874759512 1.0720875615307484
0.09525716891833695 1.0801296222948193
0.10589627089114673 1.0875969851489975
0.21297731270909961 1.1404879431617443
0.32134488386153137 1.168821625797308
0.43095705618406716 1.182817000808758
0.541726722075884 1.187416080665411
0.6535591477166766 1.1855206345222409
0.7663607063769278 1.1790073603773656
0.8800421773579526 1.1691626720625106
0.9945204159495245 1.1569016214543228
1.1097190580740923 1.142892955777215
2.2889626710485063 0.9747197264644729
3.494614818817055 0.8233813759530426
4.710817789391691 0.7035014668189303
5.931297184783414 0.6092042565771921
7.153258450987537 0.5340823601020851
8.375347009217514 0.4732766709085652
9.596870685954856 0.4232996987643254
10.81746721572083 0.3816514195184543
12.03720850617747 0.34650989610135063
18.115943660056683 0.23148469284502632
24.165698424705152 0.16935830989660747
30.19025203782357 0.13136493664341997
36.19327645535041 0.10614205689519217
42.17765510150627 0.0883884140461032
48.14565007224383 0.07533470081330378
54.09904810085247 0.06540332759690391
60.039293175416226 0.05763717716336328
65.96758085028515 0.05142906154150421
71.88491102711369 0.04637527549977876
77.7921302991935 0.04219092153758309
83.68996884537324 0.038683907582175756
89.57905790990421 0.03570896646609829
95.46213829296364 0.03316040928642516
101.33314077143359 0.030957679030486147
107.19905981531831 0.02903831638576264
113.05809907460308 0.027354644506974238
118.91061037668507 0.025868768399309166
130.59729311919656 0.02337250491241785
143.42656357840144 0.02119061327253733
157.51003908820803 0.01929042094458497
172.97025547269143 0.017643139697558367
189.94173858105282 0.016224634451786464
208.57218245520335 0.015013702641860057
229.02374307842655 0.013993563220320797
251.47446249307689 0.013150925820457175
276.1198296423966 0.012476393465079344
303.17450126945397 0.01196492382021465
332.8741888628944 0.01161650578193002
365.47773587383784 0.011436142785618804
401.26940169991036 0.011436524318794652
440.5613568970144 0.011637416633529296
483.6964708746873 0.01207537249794922
531.0513144263953 0.012799504602357624
583.0395094093093 0.013885240201751126
640.1153911958561 0.015444354442981164
702.7780396779469 0.01763960229599999
771.5757189652677 0.020717742818998942
847.1107296341083 0.025043124283832853
930.0447876625465 0.031180455815280325
1021.1049301132848 0.04001791054930687
1121.0899792927726 0.05295133412758589
1230.877640981981 0.07225682219588987
1351.4324153483876 0.10170235116719598
1483.8141581395014 0.14750256225004366
1629.187588862344 0.22074451670374223
1788.8327076502662 0.34052890115590545
1964.156267218645 0.5414164229082306
2156.7043838561785 0.8899932056786349
2368.176410253336 1.5017949811924527
2600.440184445055 2.630123001976234
2855.5487483719735 4.715772983948126
3135.7588402855044 8.741251124922528
3443.5518410217273 16.57692661846281
3781.6544728779686 32.498420784002114
4153.064492707976 66.02243354305816
4561.07826014469 137.33332941395864
5009.319220027949 294.1659768331646
5501.770655185238 650.3237596545592
6042.812664958208 1477.3852739352956
6637.260444325287 3454.230191247375
7290.408268948742 8303.532617260034
8008.077568284201 20524.003983689498
8796.670024901243 51569.11820516116
9663.221202390594 134215.4641589951
10615.47000097092 357450.7390362584
