1.1176976964672347e-09,1.0907493014323166
1.3492279713414485e-09,1.0525373997304521
1.6287231840472122e-09,1.0727052745666155
1.9661098329207473e-09,1.0475589883933885
2.3733934794311595e-09,1.0037255213991967
2.8650368271662095e-09,1.0681099886116006
3.458519190532482e-09,1.0248494395857541
4.174949168652415e-09,0.98545517205383
5.039789570957616e-09,1.1089147460937485
6.0837815718745125e-09,1.0260929455874985
7.344020119549264e-09,1.062862023837052
8.865333214235078e-09,1.0246788258291473
1.070179205751171e-08,1.0290377064517229
1.2918667175776627e-08,1.0368261830980432
1.559475037809263e-08,1.0338819655202194
1.8825200451200494e-08,1.006954257139429
2.272478881041627e-08,1.0894952415382266
2.7432210629732287e-08,1.0439483946375103
3.311477089417961e-08,1.0080395896017738
3.99745572574458e-08,1.0438015355711647
4.8255193619337425e-08,0.9847771815388145
5.825109662251781e-08,1.0273189561100668
7.031784361810948e-08,1.0429216711983296
8.488409528134284e-08,1.0125822565761435
1.0246796063608152e-07,1.023273468351803
1.2369417690169728e-07,1.0238389039311018
1.4931734592180766e-07,1.0398232356336048
1.8024796416379586e-07,1.0237185962314344
2.175864002328691e-07,0.9946730959041757
2.626595085153652e-07,0.9686253863129058
3.1706829366730904e-07,0.971809089100086
3.827487307981309e-07,0.9812621137977608
4.6203672763928823e-07,1.0317532273351153
5.577446831770069e-07,1.0365123457627048
6.732823903700675e-07,1.0438627532701525
8.127529935622613e-07,1.0668763210284729
9.81112210061607e-07,1.0356428207028876
1.1843464811090658e-06,1.072960554394006
1.4296835771792632e-06,1.0047564504601776
1.725839720908733e-06,0.9758918764018335
2.0833423245033737e-06,1.0924227924922956
2.514902116614393e-06,1.0182011339761248
3.035866124953439e-06,1.0462439371012555
3.664736758726697e-06,1.012258581842214
4.42387293703521e-06,1.016797526792453
5.340271531571057e-06,1.0740067914251858
6.44649499185376e-06,1.0149120372816185
7.781857695403502e-06,1.0153009791685124
9.393840762662736e-06,1.0415292081396
1.1339772032719371e-05,1.0720610109483608
1.3688739736963806e-05,0.9711110076869929
1.652431347936598e-05,1.0451583859112332
1.9947324535095165e-05,1.036468862260376
2.4079480720019988e-05,1.005671963980719
2.9067610434556305e-05,1.041391889952245
3.5089098368319806e-05,1.048611880533233
4.235802389351481e-05,1.0412459851044547
5.113270204038526e-05,1.0355845989748516
6.17251623987526e-05,1.0254842795036143
7.451232710848917e-05,1.0433348369178395
8.994851318281483e-05,0.9892095325776805
0.00010858279069993596,0.9985103802222391
0.00013107771300029374,1.0401130661774407
0.00015823485500443608,0.9348399238706345
0.00019101612581441711,1.0225369114995158
0.0002305753644749954,1.0450949859984302
0.00027832216428378515,0.9915613480463167
0.0003359508537014189,1.046075703809163
0.00040555659539087175,0.9520249480174425
0.0004896023379700477,1.0441136460730882
0.0005909785853319002,0.9760703327848321
0.0007133549857307855,1.0131431868052854
0.0008611764952728969,1.0102110801533242
0.0010394696107551894,0.9716305879329358
0.001254650694975532,1.0035905083253365
0.0015144765880260056,1.0405414409670126
0.0018283072283822048,0.9318152707937495
0.0022067605179635044,0.9573862958692838
0.002663708262656106,0.9531588677099865
0.0032147146240948774,0.9786821887300272
0.0038801210435559018,0.9486462796865891
0.00468351693354427,0.9359553550443294
0.005651749654036148,0.9512201811339444
0.006820907729144389,0.9500442401933498
0.008230255358524029,0.9714053034319072
0.00992858873813161,0.9163199891311411
0.011977645748728142,0.915387888228674
0.01444690868102895,0.8659958126911536
0.017423969735391294,0.8676129939803494
0.021010323750984407,0.8383805583135563
0.025325964827993975,0.8252577314056303
0.030520272955617187,0.8359399938276877
0.03676707239515928,0.8212853703375368
0.04428127171328819,0.7570531597773574
0.053309746002813456,0.7597921901535086
0.06415422103637122,0.7854723739483701
0.07717274067930004,0.7438975144498104
0.09280672945628189,0.8133412103345625
0.11157760508403286,0.8569490210461318
0.1340932484003041,0.9213282865091765
0.16114505615381777,1.1077999327473
0.19360350894658615,1.167157683391965
0.23261666055166563,1.4314538049098031
0.2794939241674389,1.680728566044039
0.33586845996221104,1.9066609972646438
0.4036999578248376,2.6876788909249174
0.48537000080099496,2.983957706696727
0.5837285565496506,4.23609270111284
0.7022369875759507,5.201882976005376
0.8451196619969104,7.02454026098915
1.0174097419020924,9.427372561476593
1.225239468879208,13.318202738620926
1.4759480294653455,18.274072284662417
1.778451276036207,24.580003464512245
2.1435165298027554,38.869728388733584
2.5840853011002056,58.6624428022854
3.1158269419001816,95.01668011634825
3.757658356624445,145.2882199420193
4.532320232234576,251.93824359910025
5.467431826861335,472.0103620705831
6.596155035590276,809.3007429926963
7.9586545122744266,1579.9200557020329
9.603312913604316,3117.4012234701368
11.588606142471257,6123.775171251503
13.985065846533123,13736.284890776487
16.87789415650916,29790.305119536897
20.36982221570502,69774.83572542541
24.584962793188144,172571.74642773432
29.673130578692554,436709.4031279073
35.815049641673276,1172216.1592114945
43.22896373147423,3379348.6541928337
52.17831522490587,10105137.209604738
62.981020546536165,29921073.533804107
76.02080510122565,97441731.93299732
91.76092318874699,320835134.21485454
110.76047118785395,1106229535.3768604
133.69417574612032,4181709740.3603973
161.37671617516386,15244475460.131098
194.79092528760276,60197965448.77389
235.1235662591512,238145707956.265
283.8065859007974,962332837282.3392
342.5683610205543,4245343034764.9644
413.49475998087286,17751061449300.387
499.103397600152,76940561831959.94
602.4325652771875,361289219620074.5
727.148704539268,1627685050163553.8
877.6770919790813,7975518149465933.0
1059.357577775928,3.790507983227558e+16
1278.6340993697843,1.739637473184831e+17
1543.2827242350957,8.688361229352218e+17
1862.6873188219224,4.407355743085229e+18
2248.1702274404047,2.1653271660686852e+19
2713.393768062531,9.83661758515262e+19
3274.8424973305555,5.1628105831449127e+20
3952.4059178834186,2.474099287614176e+21
4770.081681823157,1.2162494532386145e+22
5756.821375605648,5.738899097322425e+22
6947.55380789767,3.1184665268762536e+23
8384.415630729989,1.4784817832213605e+24
10118.240332517884,7.289404008248947e+24
