1.1268429302983054e-09,1.0438288282406023
1.4020185688313314e-09,1.0947853583202363
1.7443927637026804e-09,1.0323880587868963
2.170376260585774e-09,0.9856488607895401
2.7003769425408773e-09,1.0333561073074842
3.3598164336981646e-09,1.0138379306074448
4.180284132623766e-09,0.9681245745016093
5.201116381300585e-09,1.0853827980455892
6.471238989505465e-09,1.0997484821438572
8.051507550621652e-09,1.021556892126699
1.0017722832178185e-08,0.9817823381455782
1.2464059751993229e-08,1.0504716114073906
1.5507812859483625e-08,1.0038262660710306
1.9294788621588783e-08,1.0424520870735323
2.4006596917963958e-08,1.0484464124802568
2.986902498611901e-08,1.036058559666414
3.716306770042663e-08,1.0042753963509532
4.6238211664610953e-08,1.057956278830265
5.752979625854175e-08,1.0063087933719925
7.15786240583549e-08,1.0046170761738782
8.905792232120222e-08,1.0290655163015412
1.10806475750587e-07,0.9548654092054769
1.378652897561754e-07,1.0143924786206475
1.7153239799998128e-07,1.0064038957919408
2.1342050736093207e-07,1.0428000071782082
2.6553735052908765e-07,0.9979287658024281
3.303818555733218e-07,1.0850309719766242
4.1106096564114696e-07,1.065249465951496
5.114427574269608e-07,1.017870552052365
6.363368351565252e-07,1.0512664110167342
7.9173270007656e-07,1.0456987715447703
9.850755302705828e-07,1.0316683759391758
1.2256270947118941e-06,1.0528600915504494
1.5249316798046633e-06,0.952322977080585
1.8973245952355423e-06,1.0416888447911776
2.360638645734515e-06,0.9935303009803335
2.9371154432909893e-06,1.0482427821267661
3.6543480887817613e-06,1.038022588438623
4.54675868950748e-06,1.0582801519053966
5.657058103936835e-06,1.05520516250753
7.038550639361324e-06,1.0813387181301768
8.757321119159217e-06,1.068857883144063
1.0895842859065043e-05,1.0001424666465706
1.355658633269087e-05,0.9898957659833466
1.686721700936121e-05,1.062514105626616
2.098624020047321e-05,1.0135983443897507
2.6111338396168445e-05,0.9956635273889868
3.248806032778481e-05,1.0581578538296075
4.0422216076911965e-05,0.9918918234786793
5.029404373966609e-05,0.9992461539260314
6.257701848401358e-05,1.0139970914085683
7.786010897868165e-05,1.0780808726233277
9.68765145858172e-05,1.0308630157139622
0.00012053833586272538,0.9695327214627224
0.00014998095353560198,1.044551183030002
0.00018660864743909092,1.0161641950411868
0.0002321683674266265,1.0675363149128496
0.00028884262625625387,1.0023475180586738
0.0003594228804600284,1.0635708156578665
0.0004472208869552183,1.0961196059752527
0.0005564285173057413,1.0152246170731498
0.0006922610949003558,1.042585753733356
0.0008615182303511057,0.9950830142118724
0.001071863732891261,0.9980741745854298
0.001333990253625192,1.0536042110907036
0.001659745117263611,1.012171344004006
0.002065380188646577,1.015210890817834
0.0025706789804753783,1.0021256075646388
0.00319911989242927,1.0478545703995694
0.003981620981521609,0.9612089407496288
0.004956190587056585,0.9616533400751954
0.006169357155594929,1.0804020005166197
0.007680766051794756,1.0474959530144654
0.009563562805304448,1.0210706514675871
0.011909532726327268,1.0320926464222866
0.014835753102173882,1.0146490187896566
0.018483279936126848,1.0057712944470991
0.0230328701328961,1.0128591862949243
0.028709083762491743,1.0531097249654013
0.035794921697702625,1.1191799821700386
0.04464140206613273,1.0853596847533813
0.05568901904143105,1.0930840984898458
0.06949337438605514,1.1236210749732467
0.08674123478523701,1.1257976977336805
0.1082943321811837,1.182944323686698
0.13523102303097245,1.1961911873455595
0.16888855367563058,1.1117220870141162
0.2109332786231486,1.1371215266022376
0.26343051608519424,1.229689129802315
0.32893936686027186,1.3445033855106356
0.4106233092332231,1.370486347693724
0.5123941291887267,1.455801892972578
0.6391104537611383,1.6045972552752612
0.7967744043354307,1.6037168052367785
0.9928449064637267,1.7319180301555115
1.2365996745216965,1.9610703822157736
1.5395832857398701,2.2686433269766453
1.916181571937783,2.580686843298517
2.384298738125379,3.196240978347036
2.9662666561862747,3.467128691554678
3.6898526859856804,4.191294596750767
4.589670201316352,5.480841397924444
5.708751474543634,6.873912747519307
7.100751679719229,8.823179233763065
8.832277504926962,11.431215952531986
10.986316259033329,15.016706768478418
13.666103557570317,20.968412764160842
17.00005390242591,30.615304206276328
21.148056150457165,46.20092378671849
26.30859477845492,71.96798776326217
32.729358392605405,102.002304976128
40.71780182455051,167.93134003507086
50.657360105245175,271.7995320470253
63.02370692094745,410.4214455582463
78.41000272205471,669.3498529099969
97.55353076290251,1097.4465749462247
121.37179182395829,1830.829851544316
151.0065290316155,3173.386001971041
187.87854482956914,5788.818878360773
233.754264005858,9673.24803401781
290.8327544344983,16919.048520077973
361.8495844649053,31527.68860884419
450.2098971126279,53239.29118175367
560.1468600487775,108558.9910045844
696.9052583706596,186664.7688172187
867.1175902230398,334993.2183897066
1078.8606475048055,624792.7665505717
1342.3197590630873,1205401.6929963257
1670.1098755004957,2110824.373309237
2077.9497534308175,4135053.388920607
2585.3806104473574,8401456.963146701
3216.731534653956,15559838.606246624
4002.2522090337798,28089769.236481983
4979.601392122231,54692568.50414361
6195.619875920014,106572570.29911281
7708.5913562636715,196336234.09860292
9591.035982319427,390937538.48729575
11933.171265077166,738388241.8638674
