2.133776356358177e-09,1.025207387855062
2.654841106285684e-09,1.005966317802681
3.303188963624792e-09,1.0704841840074335
4.109880359126348e-09,1.0409077801638968
5.113592404553675e-09,1.0542912860117786
6.36233197253113e-09,1.023540176838716
7.915450345492417e-09,1.0452513784652442
9.848688079593047e-09,1.0149246067772737
1.2254190916927083e-08,0.9842570184597285
1.5247412967339624e-08,1.0603693776493155
1.8971916423031338e-08,1.016831236791661
2.360373220379362e-08,0.9878949955524813
2.9370313204155204e-08,1.032920830600811
3.6546403126134814e-08,0.9831763693095217
4.547328173939953e-08,1.0061446057840497
5.658263103574162e-08,1.0731153347138005
7.04042952176684e-08,1.0473559563658672
8.760733254442227e-08,1.0321587152470346
1.0900731525075293e-07,1.0249526365783301
1.3565901281833873e-07,1.0905196327735767
1.688115585203309e-07,1.0106280419042428
2.1006842999223816e-07,1.0388042234027548
2.6141818535119754e-07,1.0231030082663894
3.2532504671359e-07,1.0176058243627788
4.048704770173e-07,1.0482865321256791
5.038894689034631e-07,1.0393998607569557
6.271182353706406e-07,1.0367274606318
7.805298035173212e-07,1.0309547418407374
9.715093363972006e-07,0.9710627149713676
1.2091157264159424e-06,1.0305379122372242
1.5050344954214074e-06,1.028573844319264
1.8735241179760105e-06,1.0786553776736674
2.332045300521366e-06,1.0742315102934914
2.903147166739404e-06,1.0231112711310943
3.6139595952136557e-06,1.0248415855830488
4.499314390992001e-06,1.0393454873434744
5.601456827960607e-06,1.0279997946133856
6.973775221884972e-06,1.051507077258125
8.683786909729054e-06,1.0749480321204417
1.0812188457258297e-05,1.0679432604750803
1.3464083668913859e-05,1.003809091556644
1.6765923309264795e-05,1.032721548723109
2.0880736921540317e-05,0.9779358236452862
2.600471776843894e-05,1.0669789354721793
3.239034996568865e-05,0.9941227649658978
4.034422627303032e-05,1.1015840525796583
5.02588022154291e-05,0.992818678811677
6.260755169783355e-05,1.0189861536793925
7.800139426150727e-05,1.059877648238181
9.719124786093082e-05,1.01805080008903
0.00012110163759953592,1.0118897461970837
0.00015090543490699345,1.0155846406546316
0.00018807125593942804,0.9861161158870336
0.00023439750783707658,0.9942523438125007
0.00029215866790662805,1.0151267783828468
0.00036418456327111284,1.0343595900490055
0.0004539795089344893,0.9475796866196202
0.0005659593783097933,0.9443376014336348
0.0007056272608878123,0.9820132812834085
0.0008797846241688658,0.954742147805421
0.0010969255804769518,0.966798111752444
0.001367623183886739,0.9789045941165475
0.001705170414211702,0.9232369649391172
0.002125863332567545,0.9322834199752492
0.0026499791063175405,0.9160655361978477
0.003302856126362234,0.8468063615636037
0.004115518196910319,0.8320294216154047
0.005126308622158412,0.8745994877884089
0.006382535105087637,0.8364930692732172
0.00794148782854628,0.8212878808253127
0.00987374565315758,0.7853872281183176
0.012263813938005769,0.8028994942274805
0.015213934748998917,0.739567430668428
0.018845340365689356,0.767498321950611
0.02330011422161968,0.7238718171135574
0.028744716345243705,0.7234490075148825
0.03537114089475379,0.7311539122084746
0.04340236813868885,0.715961963920607
0.05308210813273358,0.6723873751964959
0.06469621579257831,0.6508305998929826
0.07856439111599409,0.6900545053494823
0.09506060925394612,0.7139210329845056
0.1146235213077284,0.8121389085928338
0.13777867711924005,0.8562163527427478
0.16518057972143504,0.9418890929085955
0.19765335762267427,1.1139329482935967
0.23623400437002243,1.262922380668803
0.28224818464141344,1.4155547109804376
0.3373963474236284,1.7585040138318984
0.40381932133203396,2.0841317057530384
0.4842476745505269,2.7244648716776663
0.5821202211525397,3.4222835626968684
0.7017587822247663,4.367220963563709
0.8485758334537891,5.927397649738987
1.0293435933842028,8.45300398025342
1.2525020703992833,11.406124490791834
1.5285528890609081,17.161583319080496
1.8705470108299174,25.384674368572966
2.294734062355106,39.5742861521945
2.821267697695008,62.04463790794268
3.4752241392395073,104.2685574507319
4.287734944835488,185.79137074103724
5.297514437760808,346.40316981935445
6.552702747561319,657.5508922853832
8.113123146778166,1323.2739949008164
10.053204122856627,2911.8803790416955
12.465517591927421,7033.010155662037
15.465173805565632,16366.736777059832
19.1953985804385,40373.14757144431
23.834339291778424,109891.56870948341
29.603627585655783,329786.6505386657
36.77899064937519,1033562.2574388367
45.70341360205201,3255334.3783540805
56.803667521862735,12245080.310534291
70.61055937221894,42917912.26983387
87.7846016431749,168093319.49728453
109.1476198244168,757444189.3214474
135.72186847017338,3256227741.3112774
168.77916621657985,15482638501.204596
209.9024026927097,69469762537.08513
261.05932983868286,367676180477.05286
324.7001949724764,1937505710626.4226
403.8719863598393,9810919904227.701
502.36765728746235,58238002358380.01
624.9032511910151,333965136496340.25
777.3482242836291,1953021323921350.5
967.0053728057143,1.088189589418286e+16
1202.959154663394,7.586817571362315e+16
1496.5186018915865,4.8576392588160704e+17
1861.7345606841598,3.2133937582152924e+18
2316.118690719032,1.94547459975894e+19
2881.435802246845,1.4231075763763539e+20
3584.7768969988574,8.992807210143883e+20
4459.840606567374,5.831126333866939e+21
5548.557127973612,4.095873645386024e+22
6903.136154501861,2.742292836311445e+23
8588.37247943305,2.0063198788984183e+24
10685.14518622591,1.4480702294342833e+25
