1.900390739265052,9.999999999999999e-10
1.9003683625635943,1.2442008994060738e-09
1.9004802487057544,1.5480358780828764e-09
1.9006145207717635,1.926067631823586e-09
1.9007786439576915,2.3964150798318225e-09
1.9007711835054246,2.9816217976770312e-09
1.899973084280083,3.709736522358517e-09
1.9002863169124522,4.6156575176780075e-09
1.9006891204630718,5.742805234845383e-09
1.9012263246838421,7.145203438308535e-09
1.9018532548451565,8.890068544382812e-09
1.9013158734810738,1.106103127870274e-08
1.9022713231320905,1.3762145065320636e-08
1.9034345588581951,1.7122873268028756e-08
1.9039744072918245,2.13042943204976e-08
1.9049012860827075,2.6506822154774767e-08
1.9055518655366863,3.297981196536754e-08
1.9068462067997196,4.10335117095534e-08
1.9074749901194694,5.1053932174815894e-08
1.910082159172493,6.352134833012262e-08
1.9116832610092698,7.90333187238249e-08
1.9134117027683977,9.833332623922964e-08
1.9155534804711487,1.2234641294844038e-07
1.9178618104845315,1.522235170295561e-07
1.9205934233773374,1.8939663679892911e-07
1.9238381984378627,2.356474658497126e-07
1.9269503612788506,2.9319278895297384e-07
1.9307061720690717,3.6479073171466523e-07
1.934888933986075,4.538729564943853e-07
1.9381493266096703,5.647091406864068e-07
1.9428384145383295,7.026116207448585e-07
1.9483628745270982,8.741900104639102e-07
1.953002530838076,1.0876679972709998e-06
1.9589680022035112,1.3532775004597783e-06
1.9644771531376097,1.683749083218056e-06
1.9711612424847766,2.0949221237140576e-06
1.9776179477353717,2.606503990510707e-06
1.984351773165012,3.243014609298935e-06
1.9928502707381128,4.034961693676772e-06
2.0004341065332754,5.0203029683416836e-06
2.009391201935508,6.246265468501692e-06
2.018017689809341,7.77160911383889e-06
2.0282068221552336,9.669443049270767e-06
2.0380753714246933,1.2030729738658496e-05
2.0492385876152817,1.496864476135027e-05
2.0604148496176524,1.862400127496198e-05
2.073044385551081,2.317199913684756e-05
2.0852706335875455,2.8830622167102438e-05
2.098850017269175,3.5871086030745464e-05
2.1135021518746067,4.463083750212607e-05
2.128097941396754,5.5529728161391463e-05
2.1434079406528355,6.909013772217804e-05
2.160109222222434,8.596201149402325e-05
2.1771454996026898,0.00010695401201561876
2.1950303891345553,0.00013307227794492085
2.2138419285089794,0.00016556864790508524
2.233119360781518,0.00020600066063695418
2.2534068979174227,0.00025630620724274324
2.2749351947278833,0.00031889641357478
2.2972215125885054,0.0003967712045871126
2.320217706510968,0.0004936630896057157
2.3439231513856083,0.0006142160600910114
2.3690584625147553,0.0007642081743948914
2.3950753174276134,0.0009508284979155957
2.421896496292839,0.0011830216722875078
2.4500496910704483,0.0014719166286769915
2.479208370082905,0.001831359993250665
2.509393809953688,0.0022785797507387786
2.5408942151869236,0.00283501097523765
2.573311524148314,0.003527323205216767
2.607172250289037,0.004388698704426617
2.6422441493643043,0.005460422875269855
2.6788629380091447,0.006793863052548239
2.7170728106918975,0.008452930520422194
2.7566962271233586,0.010517143756126324
2.798010615849588,0.013085439720555347
2.841177850451337,0.016280915869438892
2.887054566806175,0.020256730167910447
2.934878689897332,0.025203441893940325
2.985593887636198,0.031358145072569205
3.0393530999960285,0.03901583230299666
3.096907787640194,0.048543533642464894
3.1588571490371105,0.0603979082183037
3.225678559305771,0.07514713172745895
3.2983711069048933,0.09349812888309095
3.3781536675553396,0.11633045604912651
3.466012738740938,0.14473845804464192
3.5633037481162537,0.18008371967779105
3.6718819923548778,0.22406032599149886
3.793021322610455,0.27877605911984094
3.9285509093862276,0.3468534234897855
4.079995663099941,0.43155534146806684
4.248594999848629,0.536941543998064
4.4351110371356475,0.6680631519708745
4.639842109918471,0.8312047745422185
4.8622315074202795,1.034185728076047
5.100784501668691,1.2867348130251426
5.353067776741292,1.6009566116629885
5.6161496159694115,1.991911656141183
5.886237869751888,2.4783382741083013
6.159492231407672,3.0835507096780326
6.431905900314287,3.8365565663456453
6.699840279131317,4.773447130469529
6.960135962319571,5.939127212997506
7.2101278627297,7.389467420098585
7.447860204303594,9.193982010218539
7.671978523496768,11.439160686237122
7.881644326222704,14.232614014266826
8.076532158427662,17.708231157450275
8.256678726145948,22.032597132990198
8.422421802889737,27.412977169118086
8.574312406360129,34.10725084921475
8.713037771799582,42.436272182861565
8.839390104432288,52.79924801735731
8.95418999073824,65.69287187116005
9.058291952109569,81.7351302666653
9.152541280650661,101.69492259085713
9.237744569624185,126.52891415257551
9.314676042955524,157.4273887895083
9.384079805917528,195.87129872305513
9.446619316409368,243.7032460390609
9.502947971505593,303.21579790997924
9.55364587658189,377.261368473725
9.599261191573254,469.38893396617476
9.640275828862444,584.0141338119728
9.677141631731146,726.6309105547127
9.710268637993083,904.0748324484279
9.740025709339452,1124.8507196627247
9.766755459616377,1399.5402771019315
9.790747065589082,1741.3092715252487
9.81228963643205,2166.5385617758407
9.831625258381436,2695.6092271594425
9.848979117148009,3353.879424879076
9.864551279506188,4172.899796934072
9.878523153151715,5191.925680476795
9.891062595888437,6459.798601298692
9.902303525110606,8037.287229717931
9.912391067847466,10000.0
