3.439074935702792e-9 1.0523682134466208
6.878149596245905e-9 1.0523655014942783
1.547583504362348e-8 1.0523657549447185
2.407351877097748e-8 1.052374963205374
3.267120077838295e-8 1.0523643619245109
4.1268881066023746e-8 1.0523741974713638
1.2724558934798355e-7 1.0523590184782388
2.132221256524688e-7 1.0523542487466688
2.9919848999210746e-7 1.05234633796223
3.8517468237758425e-7 1.052347764207499
1.2449271512150948e-6 1.0522698659013607
2.1046624372253586e-6 1.052188004625011
2.964380551977346e-6 1.052103118414157
3.824081507010255e-6 1.0520142424702852
0.000012420149786322729 1.0510035302435816
0.000021014514580144312 1.0498400991878534
0.00002960718702023614 1.0486002006787856
0.000038198178016388945 1.047299785687643
0.00007254553836389804 1.041713131340999
0.00010686681506936015 1.0357660723456763
0.00014116261311426722 1.0296573506195736
0.0001754334951203051 1.0234903105522046
0.00020967998578635554 1.0173343391286809
0.00024390257574365641 1.0112262847627445
0.0002781017248721069 1.0052054244676143
0.0003122778652241107 0.9992931017021657
0.0003464314035810348 0.9935042539480017
0.0006867989211184989 0.9435139854832073
0.001025228178202422 0.9067822232371916
0.0013619123236901 0.8797147497285117
0.0016969877599663803 0.8592759891745794
0.002030557153343586 0.8434175783092362
0.002362701335012455 0.8307926634030279
0.002693486113551418 0.8205026830770019
0.003022966473560261 0.8119422057799354
0.003351189313788702 0.8046906384271413
0.006571362978821712 0.7648922025543642
0.009693056813213599 0.745384646203838
0.012729262390048216 0.7320313380175724
0.015688597103867517 0.7217649685761109
0.0185775983780266 0.7135082016923707
0.0214015738840551 0.7067463364777729
0.02416500755007556 0.7011840677608522
0.026871785321027738 0.6966261380651724
0.029525334423332605 0.6929308931687406
0.05368767421690333 0.6867291549040736
0.07470201110148993 0.7110163436903895
0.09359309844476407 0.749740173254174
0.1109554910386117 0.7964029609075473
0.12716695460744062 0.847895383960796
0.14248264306052796 0.9025758293308647
0.1570825082616076 0.959520998130595
0.17109814729899184 1.0181867764231727
0.1846288922301159 1.0782417900451673
0.3044610842451452 1.7330276080866776
0.4109368985998784 2.4790479277731836
0.5117552364272374 3.3257669146975335
0.6095216937370908 4.28378512325723
0.7054096363196579 5.362795418563898
0.8000385083744829 6.572122548544144
0.8937710709864444 7.921063035819923
0.9868360596088116 9.419063954105454
1.0793859334052918 11.075820336824757
1.9905271158615634 38.761247874088475
2.890104056717915 95.92682082601274
3.784267794393852 199.81545994001962
4.675079646641534 373.9032495703638
5.563624902465416 649.3458155000794
6.450553373800072 1066.6318229206458
7.336280786851315 1677.4596839280857
8.221086933788197 2546.854706990215
