3.3485619260588866,9.999999999999999e-10
3.348262675911746,1.389495494373136e-09
3.347963452507624,1.9306977288832536e-09
3.3474149457163604,2.6826957952797275e-09
3.3467792889254686,3.727593720314938e-09
3.347365085918872,5.179474679231202e-09
3.347963452507624,7.196856730011529e-09
3.348911085033942,1e-08
3.3502082800064135,1.389495494373136e-08
3.3520551545921027,1.9306977288832496e-08
3.3544775998285754,2.682695795279727e-08
3.357851958206364,3.7275937203149377e-08
3.362356383410999,5.1794746792312124e-08
3.3684638421409567,7.196856730011513e-08
3.3765622739623753,1e-07
3.36464496039756,1.389495494373136e-07
3.35900251475571,1.9306977288832494e-07
3.377059743679739,2.6826957952797275e-07
3.355202175907756,3.7275937203149375e-07
3.3735789941926417,5.179474679231202e-07
3.3765622739623753,7.196856730011514e-07
3.3705486951458896,1e-06
3.3600878170344837,1.3894954943731362e-06
3.365763733911907,1.9306977288832498e-06
3.3790005759854274,2.682695795279727e-06
3.367844916353018,3.727593720314938e-06
3.3519795164450636,5.179474679231201e-06
3.349042625028996,7.196856730011514e-06
3.384679409355313,9.999999999999999e-06
3.3637527291890077,1.389495494373136e-05
3.383255478779176,1.9306977288832496e-05
3.366672525840289,2.6826957952797216e-05
3.383860261044553,3.727593720314938e-05
3.382587823925907,5.1794746792312125e-05
3.3815425159521246,7.196856730011513e-05
3.392186988491569,9.999999999999999e-05
3.409917634793629,0.0001389495494373136
3.4384954647369437,0.00019306977288832496
3.4414739859213865,0.0002682695795279722
3.4775798995303737,0.0003727593720314938
3.492286859571659,0.0005179474679231201
3.540362936815493,0.0007196856730011514
3.5801062230850964,0.001
3.633151586588101,0.001389495494373136
3.689528565394307,0.0019306977288832496
3.747103763954616,0.0026826957952797215
3.8197636761384146,0.003727593720314938
3.9064416627334846,0.0051794746792312015
3.9870002595973655,0.007196856730011514
4.065082992521571,0.01
4.176814038366062,0.01389495494373136
4.2970281494348574,0.019306977288832496
4.4200930008497,0.026826957952797218
4.553560176513098,0.03727593720314938
4.707433253507034,0.05179474679231202
4.9073168891758705,0.07196856730011514
5.101374138784194,0.09999999999999999
5.371767315084498,0.1389495494373136
5.702735980200156,0.19306977288832455
6.085849433536983,0.2682695795279727
6.56961639453538,0.3727593720314938
7.18992619104184,0.5179474679231202
7.965139220261077,0.7196856730011499
8.946092062488244,1.0
10.175658887537876,1.389495494373136
11.719017181740618,1.9306977288832459
13.61716315733258,2.6826957952797272
15.962351308398688,3.727593720314938
18.81222389219208,5.179474679231202
22.266892518398958,7.196856730011499
26.403404043354506,10.0
