5.562895855703512e-9 1.0867564519062545
1.174619320111073e-8 1.0899851499235853
2.831420739893671e-8 1.0941344979610155
4.584881975131587e-8 1.0965833232573219
6.404671763385017e-8 1.0983577208290158
8.276160231241568e-8 1.0997670273814495
2.8708912010364686e-7 1.1072498841635572
5.102259454549482e-7 1.1111874793828933
7.454589424507202e-7 1.1140285474153027
9.899252858531248e-7 1.1163282528988945
3.7368739711103047e-6 1.13129630041884
6.814818323633846e-6 1.1436364622796917
0.000010107616473083141 1.1563902703244104
0.000013565891239412789 1.1700947635958434
0.00005367948203850616 1.3686223378518108
0.00009999893305311623 1.666949929730482
0.0001504243150726705 2.0482681762405313
0.00020405834328441876 2.5000291537613872
0.0004423210710163076 4.824154076458629
0.0007087792744326667 7.632728018810766
0.0009964284575715871 10.59388270281326
0.0013015461571297088 13.494745949509747
0.0016216529921095242 16.210609580153868
0.001954967481996361 18.678535510525318
0.002300131805647905 20.875780928596267
0.002656066846594737 22.803580367582313
0.003021888701025875 24.47696125161608
0.007099801186132633 31.986425528364265
0.011712414979281377 32.43457660630933
0.016673827259565586 31.20971358791351
0.021875488632085865 29.64744771090074
0.02724425246133691 28.11393835516638
0.032718001332370475 26.727266275315753
0.038274700797541195 25.464207211496383
0.04387232320874885 24.34186338677869
0.04948541815354052 23.345145337127335
0.103482245459889 17.508626079870307
0.15042044631065055 14.959712347744468
0.19025920959554354 13.559096425434223
0.22428378105110897 12.69259849529072
0.2538447201752732 12.10356578375802
0.27990217212045126 11.680029232892608
0.3031742782594181 11.370730534599142
0.32421345822751346 11.13195057352536
0.3434173854939368 10.945718186850726
0.47864667104683806 10.26152136107026
0.5657725731518145 10.223749929847191
0.632163538194192 10.338212860540327
0.6869112366858338 10.507841679860054
0.7341854350372794 10.7011777930468
0.7762518987574534 10.906387551976502
0.8144804611534617 11.118029704336797
0.8497628665945284 11.333413415722164
0.8827123033937062 11.5512870057809
1.143993091293983 13.807855823361699
1.3502838383123779 16.22572903992455
1.5336344038388818 18.855757825360616
1.704097619328492 21.73148745738471
1.8661537968619943 24.87746138080885
2.0222015112980647 28.31453292578215
2.1736828885214075 32.062063628981946
2.321537947198145 36.138914418030915
2.466417248261 40.563932990034544
3.81744735177195 108.4118542495277
5.0726911043483724 235.78060047115548
6.27619692117188 452.4198068442269
7.445198332806932 797.2670952331472
8.588816471090187 1320.2816587272523
9.712643974067543 2084.4855624340685
10.82042898190801 3168.2434782291534
11.914840402079182 4667.797752326373
