#        weight    minuslogpost         logphi0          loggst           logV0           logQ0            phi0             gst              V0              Q0   minuslogprior minuslogprior__0            chi2       chi2__stb
              3       25.657523      0.67496799       1.2657011      -24.189356       1.6209086       4.7311639       18.437458   6.4661273e-25        41.77424       6.2052307        6.2052307       38.904584       38.904584
              8       7.7324942      0.67408958       1.2677855      -24.460408       1.6485612       4.7216042       18.526164   3.4641113e-25       44.520617       6.3036408        6.3036408       2.8577069       2.8577069
            231     -0.56599765      0.66598122       1.3008409      -24.306033       1.6324702       4.6342688       19.991296   4.9427265e-25       42.901276       6.2693212        6.2693212      -13.670638      -13.670638
            161      0.78481484      0.66999001       1.2987969      -24.344168       1.6340334       4.6772438       19.897425    4.527228e-25       43.055974       6.2700108        6.2700108      -10.970392      -10.970392
             25       1.7728428      0.66682298       1.3032643      -24.297408       1.6290583       4.6432598        20.10316   5.0418709e-25       42.565558       6.2615969        6.2615969      -8.9775082      -8.9775082
             32     -0.59299029      0.67074315       1.2802419      -24.268426       1.6263421       4.6853619       19.065225   5.3898221e-25       42.300168        6.241305         6.241305      -13.668591      -13.668591
            219     -0.79572813      0.66675367       1.2768799      -24.269284       1.6267336       4.6425188       18.918204   5.3791777e-25       42.338321       6.2524039        6.2524039      -14.096264      -14.096264
             13      0.27561629      0.77699014        1.236173      -23.517232        1.509629       5.9839801       17.225546   3.0392581e-24       32.331735       5.7186169        5.7186169      -10.886001      -10.886001
             13      -1.2633838      0.81354267       1.3634198      -22.878117        1.426215       6.5094256       23.089783   1.3239856e-23       26.681795        5.456216         5.456216        -13.4392        -13.4392
             33      -2.0803481      0.81371643       1.3695836      -22.846496       1.4210031       6.5120305       23.419821   1.4239797e-23       26.363504       5.4459363        5.4459363      -15.052569      -15.052569
             76         -2.5271      0.81362756       1.3705995      -22.847575       1.4208673       6.5106981       23.474671    1.420446e-23       26.355257       5.4461712        5.4461712      -15.946543      -15.946543
            132      -2.5533542      0.82383937       1.2431993      -22.809971       1.4087283       6.6656018         17.5065   1.5489185e-23       25.628801       5.4133102        5.4133102      -15.933329      -15.933329
            151      -2.6265706      0.82320041       1.2425466      -22.815763       1.4096785       6.6558022       17.480208   1.5284011e-23       25.684935       5.4161154        5.4161154      -16.085372      -16.085372
             75      -2.3822788      0.82343464       1.2433134      -22.821665       1.4107667       6.6593929       17.511099   1.5077681e-23       25.749377       5.4176812        5.4176812       -15.59992       -15.59992
            214      -2.1422518       0.8230215       1.2431624      -22.822423       1.4106509       6.6530609       17.505011   1.5051412e-23        25.74251       5.4183771        5.4183771      -15.121258      -15.121258
             96      -2.5649761      0.82365321       1.2419408      -22.817281       1.4091846       6.6627453       17.455841    1.523066e-23       25.655744       5.4152909        5.4152909      -15.960534      -15.960534
             43      -1.2216683      0.82068492       1.2694545      -22.540852       1.3778226       6.6173624       18.597497   2.8783805e-23       23.868361       5.3472016        5.3472016       -13.13774       -13.13774
            110      -1.6530572      0.82415567       1.2825349       -22.57585        1.379835       6.6704583        19.16615   2.6555251e-23       23.979219       5.3491904        5.3491904      -14.004495      -14.004495
             41      -1.5550206      0.83244727       1.2866288      -22.560234       1.3755901       6.7990349       19.347675    2.752746e-23       23.745983       5.3305536        5.3305536      -13.771148      -13.771148
            136      -1.7811938       0.8311262       1.2860515      -22.558526       1.3774014       6.7783845       19.321975   2.7635936e-23       23.845226       5.3336444        5.3336444      -14.229676      -14.229676
             14      -1.2470754      0.83969532       1.2860177      -22.519645       1.3681966       6.9134579       19.320471   3.0224215e-23       23.345146       5.3073539        5.3073539      -13.108858      -13.108858
             21       -1.560423      0.84081492       1.2866745      -22.514345       1.3665561       6.9313035       19.349714   3.0595289e-23       23.257131       5.3035995        5.3035995      -13.728045      -13.728045
             94      -1.6612525      0.83247389       1.2997121      -22.507258       1.3696206       6.7994517       19.939402   3.1098681e-23       23.421816       5.3170746        5.3170746      -13.956654      -13.956654
             38     -0.49223423      0.83120307       1.2998672      -22.486609       1.3703729       6.7795844       19.946524   3.2612988e-23       23.462426       5.3161328        5.3161328      -11.616734      -11.616734
              4     -0.21880211      0.83138347       1.2991635      -22.486863       1.3703597       6.7824011       19.914229   3.2593937e-23       23.461712       5.3158913        5.3158913      -11.069387      -11.069387
             58     -0.25076389      0.83146456       1.2989636      -22.488334       1.3700945       6.7836677       19.905065   3.2483702e-23       23.447389       5.3158115        5.3158115      -11.133151      -11.133151
             29      -2.6415782      0.86070753       1.3256775      -22.450229        1.354801       7.2561714       21.167886   3.5462666e-23        22.63607       5.2566615        5.2566615      -15.796479      -15.796479
            461      -2.4678708       0.8932069       1.0716126      -22.510551       1.3723368       7.8200027       11.792682   3.0863738e-23       23.568762       5.2407434        5.2407434      -15.417228      -15.417228
             29      -1.9812206      0.88670582       1.1022712      -22.519379       1.3671364       7.7038145       12.655264   3.0242745e-23       23.288225        5.245521         5.245521      -14.453483      -14.453483
              6      -1.8566957      0.88725855       1.1002543        -22.5261       1.3703579       7.7136255       12.596628   2.9778335e-23       23.461615       5.2484569        5.2484569      -14.210305      -14.210305
             58       -1.923037      0.77440408       1.2760935       -21.52003       1.2548433       5.9484537       18.883979   3.0197438e-22       17.982221       5.1938065        5.1938065      -14.233687      -14.233687
             20       -2.857437      0.77443605       1.2763418      -21.521153       1.2551746       5.9488916       18.894777   3.0119459e-22       17.995944        5.194099         5.194099      -16.103072      -16.103072
             63      -2.5019276      0.77439008       1.2765055      -21.520832       1.2552889       5.9482618       18.901903   3.0141742e-22       18.000679       5.1942246        5.1942246      -15.392304      -15.392304
             84       -2.694415      0.77439396       1.2765026      -21.520813       1.2552722        5.948315       18.901777   3.0143054e-22       17.999986       5.1942038        5.1942038      -15.777238      -15.777238
            184      -2.7594081      0.77410751       1.2765446      -21.519501       1.2551919        5.944393       18.903604   3.0234205e-22       17.996661       5.1945416        5.1945416        -15.9079        -15.9079
            193      -3.0579221       0.8916971      0.80168229      -20.769168       1.0878367        7.792864       6.3340617   1.7015018e-21       12.241557       4.8423143        4.8423143      -15.800473      -15.800473
              4      -2.5653771      0.78553712      0.72259909      -21.242169       1.1861669       6.1029122       5.2795766   5.7257313e-22       15.352067       5.0981904        5.0981904      -15.327135      -15.327135
             16      -2.0908906      0.78668039      0.72507056      -21.259428        1.188251       6.1189991       5.3097071   5.5026505e-22       15.425918       5.0991925        5.0991925      -14.380166      -14.380166
             89      -2.9333119      0.78734246      0.72320764      -21.266417       1.1906882       6.1283344       5.2869796    5.414801e-22       15.512728       5.1002199        5.1002199      -16.067064      -16.067064
             69      -2.6352531      0.77446165      0.68789957      -21.423655       1.2141342       5.9492422       4.8741576   3.7700345e-22       16.373224       5.1561027        5.1561027      -15.582712      -15.582712
             41      -2.4402247       0.7868649        0.671439       -21.02803       1.1528499       6.1215993       4.6928752   9.3749677e-22       14.218373       5.0545506        5.0545506      -14.989551      -14.989551
              2      -2.9432739      0.78776884      0.67377414      -21.035357       1.1532168       6.1343541        4.718176   9.2181324e-22        14.23039        5.053814         5.053814      -15.994176      -15.994176
             58      -2.0184598      0.77205671      0.76734855      -20.821673       1.1282647       5.9163888        5.852596   1.5077417e-21       13.435836       5.0497404        5.0497404        -14.1364        -14.1364
            165      -2.0878732      0.77205876      0.76735949       -20.82168        1.128263       5.9164168       5.8527435    1.507718e-21       13.435785       5.0497361        5.0497361      -14.275219      -14.275219
             39      -2.9928908      0.77106594       0.7617209      -20.817104       1.1297558        5.902907       5.7772465   1.5236887e-21       13.482045        5.052105         5.052105      -16.089992      -16.089992
             17      -1.2633089      0.76987845      0.76630314      -20.850775       1.1325731       5.8867887       5.8385249   1.4100206e-21       13.569788        5.058856         5.058856       -12.64433       -12.64433
             88      -2.3001817       1.0150959      0.65227176      -20.495561      0.99534464       10.353707       4.4902628   3.1947661e-21       9.8933788       4.6924861        4.6924861      -13.985336      -13.985336
              4      -1.6836401       1.0128872      0.65349929       -20.49388      0.99659331       10.301184       4.5029724   3.2071561e-21       9.9218649       4.6935192        4.6935192      -12.754319      -12.754319
              1      -2.2562012       1.0137514      0.65776111      -20.466881      0.99510707       10.321703       4.5473785   3.4128671e-21       9.8879683       4.6907831        4.6907831      -13.893969      -13.893969
            199      -3.2787118       1.0137567      0.65836168      -20.462308       0.9947841       10.321829       4.5536713   3.4489906e-21       9.8806178       4.6903285        4.6903285      -15.938081      -15.938081
            109      -3.1444157       0.9231898      0.23736425      -19.815334      0.88620837        8.378954        1.727286   1.5299088e-20       7.6949955       4.6645867        4.6645867      -15.618005      -15.618005
             12      -3.3274237      0.92339078       0.2381719      -19.817218      0.88722125       8.3828323       1.7305012   1.5232866e-20        7.712963       4.6648491        4.6648491      -15.984546      -15.984546
             35      -3.3027837      0.93359007      0.20127095      -19.967765      0.90855945       8.5820308       1.5895381   1.0770469e-20       8.1013884        4.670119         4.670119      -15.945805      -15.945805
             26      -3.3508799        0.998385      0.06586893      -20.465953      0.96688444       9.9628823       1.1637747   3.4201645e-21       9.2658324       4.6830215        4.6830215      -16.067803      -16.067803
            106       -3.328964      0.99746842      0.06598842      -20.473742      0.96913714       9.9418778        1.164095   3.3593681e-21       9.3140194        4.684864         4.684864      -16.027656      -16.027656
             11        -2.81533      0.99671835     0.074053052      -20.478987      0.97089262       9.9247221       1.1859136   3.3190459e-21       9.3517443       4.6862665        4.6862665      -15.003193      -15.003193
             84      -3.2655734      0.97132522     0.032146449      -20.764091        1.022929       9.3610642       1.0768283   1.7215088e-21       10.542146       4.7432104        4.7432104      -16.017568      -16.017568
             31       -2.659847       0.9705545       0.0369289      -20.759028       1.0215296       9.3444662       1.0887518   1.7416954e-21        10.50823       4.7425587        4.7425587      -14.804811      -14.804811
            116      -2.4231487      0.97609567     0.024094674      -20.681644       1.0086763       9.4644562       1.0570479   2.0814005e-21       10.201787       4.7273468        4.7273468      -14.300991      -14.300991
              4       -1.685642       0.9743821     0.012064059       -20.69412       1.0119894       9.4271865       1.0281679   2.0224622e-21       10.279911       4.7307738        4.7307738      -12.832832      -12.832832
            175      -2.1499979      0.97365097     0.012671177       -20.69708       1.0112622       9.4113294       1.0296063    2.008725e-21       10.262714       4.7310559        4.7310559      -13.762108      -13.762108
             34      -1.9881646      0.93879568       0.1615539      -20.739757       1.0336775       8.6855172       1.4506208   1.8207211e-21       10.806311       4.7681047        4.7681047      -13.512539      -13.512539
             79      -1.3436132      0.93955725      0.15906942      -20.780894       1.0433833       8.7007613       1.4423459   1.6561759e-21       11.050536       4.7756275        4.7756275      -12.238481      -12.238481
              7      -1.6037489       0.9486615      0.15015183      -20.832625       1.0491741       8.8850832       1.4130315    1.470196e-21       11.198868       4.7760827        4.7760827      -12.759663      -12.759663
              5      -1.6182782      0.94838363      0.15118409      -20.831652       1.0489023       8.8794002       1.4163941   1.4734924e-21        11.19186        4.776062         4.776062      -12.788681      -12.788681
             14       -1.723754      0.94752377      0.15308318      -20.748318       1.0354712       8.8618373       1.4226012    1.785178e-21       10.851036       4.7631406        4.7631406      -12.973789      -12.973789
            192       -2.957106      0.94491684      0.15803585      -20.742455       1.0336326       8.8088019       1.4389173   1.8094451e-21       10.805195       4.7636661        4.7636661      -15.441544      -15.441544
             66      -2.7998053      0.95873895      0.39285492       -21.03912        1.086258        9.093665       2.4708986   9.1386039e-22       12.197139       4.8069284        4.8069284      -15.213467      -15.213467
             43      -2.6969322       0.9591332      0.39653098      -21.045849       1.0900887       9.1019239       2.4919021   8.9981106e-22         12.3052       4.8093504        4.8093504      -15.012565      -15.012565
             22      -2.4552217      0.95710694      0.40074306      -21.073793       1.0945132       9.0595566       2.5161879   8.4373636e-22       12.431205       4.8157049        4.8157049      -14.541853      -14.541853
             14      -2.9793478      0.95711097      0.40085751      -21.074794       1.0935583       9.0596407        2.516851   8.4179448e-22         12.4039       4.8152875        4.8152875      -15.589271      -15.589271
             41      -3.1634203      0.95705335      0.40087275      -21.075022       1.0937133       9.0584387       2.5169393   8.4135319e-22        12.40833       4.8154302        4.8154302      -15.957701      -15.957701
             54      -2.9826825       0.9194374      0.39641492      -21.469121       1.1629789       8.3068698       2.4912363   3.3953039e-22       14.553884       4.9257803        4.9257803      -15.816926      -15.816926
             74      -3.1143584      0.90772039      0.25290815      -20.872242       1.0691371       8.0857514       1.7902272   1.3420177e-21       11.725654       4.8244543        4.8244543      -15.877625      -15.877625
              8      -2.0861711        0.910075      0.26230183      -20.878412       1.0731848        8.129709       1.8293712   1.3230843e-21        11.83545       4.8247693        4.8247693      -13.821881      -13.821881
            166      -3.0417938      0.91017623      0.26199167      -20.882102       1.0723078       8.1316042       1.8280651   1.3118925e-21       11.811575       4.8245377        4.8245377      -15.732663      -15.732663
             71      -2.6479407       0.8971322      0.66433986      -21.585599       1.1987438       7.8910028       4.6167872   2.5965766e-22       15.803154        4.983308         4.983308      -15.262498      -15.262498
             55       -2.435183      0.93130378      0.69403659       -21.74142       1.2134582       8.5369706       4.9435234   1.8137624e-22       16.347758       4.9797204        4.9797204      -14.829807      -14.829807
            271      -2.1166893      0.92128116       0.6155096      -21.937537       1.2389061       8.3422108       4.1258135   1.1546824e-22       17.334293       5.0310203        5.0310203      -14.295419      -14.295419
             54      -2.5100817      0.91917789      0.65097785      -21.966325       1.2451945       8.3019075       4.4769047   1.0806255e-22       17.587111        5.041061         5.041061      -15.102286      -15.102286
            145      -3.1283147       0.9372866      0.52980739      -21.402382       1.1555619       8.6553893       3.3869391   3.9592992e-22       14.307438        4.898617         4.898617      -16.053863      -16.053863
             38      -3.0468185       0.9401652      0.54407518      -21.397149       1.1546835       8.7129497       3.5000575   4.0072935e-22       14.278529       4.8952729        4.8952729      -15.884183      -15.884183
             73      -2.9702753      0.94007031      0.54399939      -21.397413       1.1546886       8.7110461       3.4994468    4.004857e-22       14.278696       4.8953786        4.8953786      -15.731308      -15.731308
             34      -3.0996084      0.94007058      0.54399597      -21.397451       1.1546943       8.7110516       3.4994192   4.0045103e-22       14.278886       4.8953859        4.8953859      -15.989989      -15.989989
             71      -2.9452093      0.95047751      0.72566294      -21.214086       1.1321176       8.9223141       5.3169545   6.1082168e-22       13.555564       4.8549521        4.8549521      -15.600323      -15.600323
            226      -2.6713202      0.95695413      0.78970872      -21.256615       1.1398358       9.0563693       6.1618159   5.5384099e-22       13.798625       4.8594196        4.8594196       -15.06148       -15.06148
              6      -2.6773586      0.96822482      0.83424856      -20.994229       1.1015751        9.294474       6.8272933   1.0133767e-21       12.634995        4.805144         4.805144      -14.965005      -14.965005
            103      -2.8893515      0.97121504      0.93261905      -20.919868        1.093859       9.3586894       8.5628641   1.2026286e-21       12.412493       4.7925307        4.7925307      -15.363765      -15.363765
            105      -3.1675324      0.97182124      0.92977877      -20.923149       1.0923582       9.3717617       8.5070457   1.1935786e-21       12.369673       4.7916854        4.7916854      -15.918436      -15.918436
             80      -3.1578121      0.98775421      0.76482616       -20.75782       1.0550571       9.7219684       5.8187026   1.7465443e-21         11.3516        4.750304         4.750304      -15.816232      -15.816232
              4      -2.7758542      0.99457219      0.43723416      -20.074168      0.92044398       9.8757979       2.7367439   8.4300893e-21       8.3261452       4.6427269        4.6427269      -14.837162      -14.837162
             72      -1.8100073       0.9949277      0.43901747      -20.068898      0.92296979       9.8838853       2.7480047   8.5330001e-21       8.3747102       4.6433389        4.6433389      -12.906692      -12.906692
             52      -2.6731547       1.0028466      0.29717975      -19.787952       0.8587972       10.065761       1.9823473   1.6294762e-20       7.2243238       4.6051166        4.6051166      -14.556543      -14.556543
             59      -3.4207112       1.0056324      0.29022697       -19.78182      0.85775465       10.130535       1.9508639   1.6526452e-20       7.2070022       4.6036341        4.6036341      -16.048691      -16.048691
             29      -3.2761407       1.0055611      0.29029324      -19.784581      0.85742778       10.128872       1.9511616   1.6421731e-20       7.2015798       4.6036366        4.6036366      -15.759555      -15.759555
             30      -3.3754046       1.0056702       0.2904815      -19.784931      0.85742447       10.131417       1.9520076   1.6408515e-20       7.2015249       4.6036124        4.6036124      -15.958034      -15.958034
             33      -3.2957943       1.0051778      0.29215533      -19.782706      0.85739996       10.119937       1.9595454   1.6492767e-20       7.2011186       4.6036869        4.6036869      -15.798962      -15.798962
             24      -2.0755391        1.014116      0.26424031      -19.810423      0.85735026       10.330374       1.8375548   1.5473084e-20       7.2002945       4.6020144        4.6020144      -13.355107      -13.355107
             10      -2.8644572       1.0144156      0.26306763      -19.811624      0.85788973       10.337502       1.8325998   1.5430351e-20       7.2092441       4.6021651        4.6021651      -14.933245      -14.933245
             57      -2.5083519      0.94158653       0.2818402      -19.427408       0.8094717       8.7415115       1.9135517   3.7375889e-20        6.448693       4.6135812        4.6135812      -14.243866      -14.243866
             45      -2.7049617      0.95262712      0.27222402      -19.472534      0.81564747        8.966586       1.8716473    3.368726e-20         6.54105        4.608313         4.608313      -14.626549      -14.626549
             61      -2.9033005      0.94409941      0.26536356      -19.539488      0.83039438       8.7922376       1.8423136   2.8874329e-20        6.766972       4.6204164        4.6204164      -15.047434      -15.047434
             70      -2.7446353      0.93224662       0.2351278      -19.279729      0.78185193       8.5555242        1.718414   5.2513543e-20       6.0513453       4.6109387        4.6109387      -14.711148      -14.711148
             65      -3.2341915      0.93483891      0.25767197      -19.270879      0.78149651       8.6067444       1.8099725   5.3594535e-20       6.0463949       4.6086497        4.6086497      -15.685682      -15.685682
             95      -3.2978091      0.93484823       0.2576071      -19.269122      0.78094758       8.6069293       1.8097021   5.3811807e-20       6.0387573       4.6084712        4.6084712      -15.812561      -15.812561
             11      -3.4412245      0.93472742      0.26013136      -19.266608      0.78113908       8.6045353       1.8202513   5.4124209e-20       6.0414207       4.6086019        4.6086019      -16.099653      -16.099653
             76      -1.4756595      0.93688192      0.24723596      -19.279962      0.78021205       8.6473277       1.7669976   5.2485306e-20       6.0285386       4.6067336        4.6067336      -12.164786      -12.164786
             32      -3.0644276      0.93841131      0.24053126      -19.309788      0.78822724       8.6778333       1.7399279   4.9001774e-20       6.1408324       4.6081192        4.6081192      -15.345094      -15.345094
             65      -3.2800503       0.9199759       0.0142381       -19.49802      0.81360317       8.3171762       1.0333278   3.1767294e-20       6.5103326       4.6341245        4.6341245       -15.82835       -15.82835
             39      -2.5622336      0.96660164      0.27911779       -19.64362      0.84402384       9.2598007        1.901594   2.2718507e-20       6.9827074       4.6124769        4.6124769      -14.349421      -14.349421
             27      -2.9856459      0.96708363      0.24397053      -19.648126      0.84082899       9.2700832       1.7537615   2.2484041e-20       6.9315281       4.6112503        4.6112503      -15.193792      -15.193792
             18      -3.2879238      0.96682572      0.20998326      -19.715432      0.85288976       9.2645797       1.6217476    1.925607e-20       7.1267211       4.6173927        4.6173927      -15.810633      -15.810633
             28       -2.050286       0.9934106       0.3672353      -19.283426      0.76915599       9.8494187        2.329353   5.2068358e-20       5.8770041       4.5699301        4.5699301      -13.240432      -13.240432
             53       -2.272366      0.98418618      0.35421618      -19.295418      0.77556935        9.642423       2.2605607   5.0650335e-20       5.9644355       4.5758297        4.5758297      -13.696391      -13.696391
            191      -3.2596458      0.94094172     0.096033707      -19.313877      0.77757431       8.7285423       1.2474803   4.8542543e-20       5.9920346       4.6031653        4.6031653      -15.725622      -15.725622
            209      -3.3500322      0.93775568      0.10813152      -19.336938      0.78243605       8.6647428        1.282719   4.6032229e-20       6.0594896       4.6072678        4.6072678        -15.9146        -15.9146
              8       -1.747535      0.92752187      0.13177685      -19.324699      0.78852276       8.4629519       1.3544933   4.7347907e-20       6.1450124       4.6172742        4.6172742      -12.729618      -12.729618
             88      -3.2073043       0.9351008      0.46295655      -19.076324      0.75671026       8.6119362       2.9037322   8.3883432e-20        5.710975       4.6008999        4.6008999      -15.616408      -15.616408
            119      -2.6799737      0.93492984      0.46267092      -19.075893      0.75717515       8.6085467        2.901823   8.3966694e-20       5.7170916       4.6011609        4.6011609      -14.562269      -14.562269
             37      -2.4222994      0.93418934      0.46290074      -19.075344      0.75641949       8.5938811        2.903359   8.4072902e-20       5.7071526       4.6015591        4.6015591      -14.047717      -14.047717
             33      -3.3347905      0.93508663      0.46031257      -19.048181      0.74963006       8.6116551       2.8861079    8.949911e-20       5.6186252       4.5991049        4.5991049      -15.867791      -15.867791
             24       -3.109172      0.93858864      0.45189371      -19.032723      0.74436701       8.6813776       2.8306991   9.2742145e-20       5.5509461       4.5950237        4.5950237      -15.408392      -15.408392
             70      -3.4799867       1.0531511      0.10351713      -18.004197      0.44694794       11.301891       1.2691622   9.9038218e-19       2.7986458       4.5396536        4.5396536      -16.039281      -16.039281
             97      -3.3470001       1.0506219      0.11575951      -18.016578      0.45396961       11.236264       1.3054478   9.6254647e-19       2.8442621       4.5391297        4.5391297       -15.77226       -15.77226
            131      -3.4344741       1.0359148      0.31180075      -18.023814      0.47652157       10.862126       2.0502213   9.4664271e-19       2.9958604       4.5403251        4.5403251      -15.949598      -15.949598
              6      -2.4780289       1.0346881      0.28574738      -18.056036      0.48532747       10.831488       1.9308449   8.7895023e-19       3.0572255       4.5391807        4.5391807      -14.034419      -14.034419
             36       -2.812045       1.1415642       1.9059505       -17.37264      0.39966319       13.853649        80.52867   4.2399422e-18       2.5099391       4.6108105        4.6108105      -14.845711      -14.845711
             11      -3.1547967       1.1103699       2.5877623       -17.67694      0.54190292       12.893472       387.04576   2.1040685e-18       3.4825946       4.5765538        4.5765538      -15.462701      -15.462701
             20      -2.2276182       1.1567856       2.1699623      -18.162726       0.6035057        14.34781         147.898    6.875028e-19       4.0133376       4.5817837        4.5817837      -13.618804      -13.618804
             11      -3.2163281       1.1751152       2.1052665      -18.395869      0.64234317       14.966327       127.42847   4.0191217e-19       4.3887735       4.5929087        4.5929087      -15.618474      -15.618474
              4      -3.2942328       1.1418855       1.9750726       -18.17781      0.59812627       13.863904       94.421866   6.6403304e-19       3.9639327        4.570394         4.570394      -15.729254      -15.729254
              8      -2.9714327       1.1733439       1.9447841      -18.170577      0.58667814        14.90541       88.061109    6.751856e-19       3.8608074       4.5920114        4.5920114      -15.126888      -15.126888
             40      -2.7664385         1.14201       1.9689928      -18.066069      0.57132052       13.867877       93.109248   8.5887631e-19       3.7266664       4.5724067        4.5724067       -14.67769       -14.67769
             18      -1.8120472       1.1065648       1.6191623      -18.102428      0.56621928          12.781       41.606605    7.898993e-19       3.6831489       4.5524407        4.5524407      -12.728976      -12.728976
             12      -3.2512692       1.1921765       1.7038335      -18.239743      0.57431347       15.565982       50.563074   5.7577995e-19       3.7524375       4.6043818        4.6043818      -15.711302      -15.711302
             23      -3.0945989       1.2030451       1.6962579      -18.188499       0.5610835        15.96045       49.688734   6.4788997e-19       3.6398501       4.6159676        4.6159676      -15.421133      -15.421133
             22      -1.7315286        1.060462       2.2344944      -17.246825      0.42970586       11.493758       171.59095   5.6646742e-18       2.6897125       4.5942301        4.5942301      -12.651517      -12.651517
              4      -2.6691621      0.95150517       2.4701055      -18.435333      0.74948996       8.9434517       295.19266   3.6700071e-19       5.6168129       4.5974377        4.5974377        -14.5332        -14.5332
             55      -3.2293444      0.94941004       2.4134535      -18.368321      0.73421637       8.9004105       259.09168   4.2823229e-19       5.4227098       4.5973171        4.5973171      -15.653323      -15.653323
              6      -2.1044045      0.95957709        2.318286      -18.265669      0.70625889       9.1112318       208.10669   5.4241466e-19       5.0846245       4.5878373        4.5878373      -13.384484      -13.384484
             38      -1.7081296       1.0129303       2.2491937       -18.52681      0.73140463       10.302208       177.49811    2.972969e-19       5.3877152       4.5606645        4.5606645      -12.537588      -12.537588
             23      -3.0241831       1.0125355       2.2324713      -18.570482      0.74174721       10.292846        170.7935   2.6885503e-19       5.5175618       4.5621706        4.5621706      -15.172707      -15.172707
             48      -3.3449661       1.0142321       2.2329646       -18.41378      0.71115475       10.333135       170.98759   3.8567364e-19       5.1422685       4.5589998        4.5589998      -15.807932      -15.807932
              1      -1.3376866       1.0137217       2.2446277      -18.393972      0.70908572       10.320999       175.64174    4.036718e-19       5.1178284       4.5593343        4.5593343      -11.794042      -11.794042
              5      -2.5364182       1.0858131       1.2112041      -18.631645      0.66403386       12.184651        16.26313   2.3353689e-19       4.6135355       4.5420287        4.5420287      -14.156894      -14.156894
              6      -2.2961669       1.0893024       1.2162714      -18.645853      0.66624187       12.282941       16.453998   2.2602029e-19       4.6370509       4.5429833        4.5429833        -13.6783        -13.6783
              4     -0.43758838       1.0768847       1.2473936      -18.645235      0.66938785       11.936711       17.676392   2.2634196e-19       4.6707632       4.5409577        4.5409577      -9.9570921      -9.9570921
             61      -2.0776921       1.1192279       1.5509159      -18.770542      0.70707109       13.159151       35.556249   1.6961274e-19       5.0941425        4.559854         4.559854      -13.275092      -13.275092
             12      -3.2591602       1.1178869       1.5348972      -18.879093      0.72334344       13.118582       34.268663   1.3210114e-19       5.2886331       4.5615626        4.5615626      -15.641446      -15.641446
             12      -3.3290842       1.1102564       2.1234865      -19.295304      0.84306682       12.890103       132.88823   5.0663621e-20        6.967337       4.5923541        4.5923541      -15.842877      -15.842877
              4      -2.9715304       1.0103839       1.9736753      -19.627331      0.92355238        10.24198       94.118557    2.358679e-20       8.3859521       4.6220959        4.6220959      -15.187253      -15.187253
             18      -2.2195514       1.0168884       1.9473907      -19.585175      0.91080239       10.396531        88.59122   2.5991111e-20       8.1433366       4.6143104        4.6143104      -13.667724      -13.667724
             22      -3.3615132      0.95346925       1.7466545      -19.653896      0.93544199       8.9839898       55.802615   2.2187273e-20       8.6187045       4.6550188        4.6550188      -16.033064      -16.033064
              6      -3.3177496       0.9551012       1.7451662      -19.653565      0.93482988       9.0178124       55.611708   2.2204174e-20       8.6065655        4.653664         4.653664      -15.942827      -15.942827
             19      -2.7993872      0.89631739       1.7985597      -19.233459      0.88218102       7.8762119       62.886826   5.8417232e-20       7.6239672       4.6772027        4.6772027       -14.95318       -14.95318
              5      -3.2820354      0.94940336       1.5864307      -18.703663       0.7477043       8.9002737       38.586082   1.9785039e-19       5.5937661       4.5915263        4.5915263      -15.747123      -15.747123
             20       -3.258353       1.0072457        1.407903      -19.238767      0.82284161       10.168238       25.580147   5.7707552e-20       6.6503058       4.5805568        4.5805568       -15.67782       -15.67782
              3      -3.4526899       1.0092605       1.4029794      -19.237403       0.8214222       10.215521       25.291783   5.7889097e-20        6.628606       4.5794908        4.5794908      -16.064361      -16.064361
             32      -3.2584076       1.0039017        1.377012      -19.232664      0.82180729       10.090244       23.823851   5.8524285e-20       6.6344861       4.5812549        4.5812549      -15.679325      -15.679325
             23      -3.3017869      0.99756799       1.3374147      -18.907782      0.75884785       9.9441574       21.747768   1.2365691e-19       5.7391536       4.5655444        4.5655444      -15.734663      -15.734663
             27       -3.426847       1.0088524       1.4310448      -18.896157      0.75755931       10.205925       26.980179   1.2701154e-19       5.7221509       4.5615259        4.5615259      -15.976746      -15.976746
             16      -3.3821297      0.96894267       1.4496614       -19.15116      0.82222483       9.3098497       28.161863   7.0605817e-20       6.6408677       4.5967696        4.5967696      -15.957799      -15.957799
             25      -3.3106451      0.94076858       1.4451949      -19.059764      0.81400093       8.7250632       27.873719   8.7143624e-20       6.5162978       4.6129602        4.6129602      -15.847211      -15.847211
             16      -2.6531711      0.94348689       1.4378696      -19.079464      0.81716959       8.7798459       27.407512   8.3279106e-20       6.5640154       4.6118699        4.6118699      -14.530082      -14.530082
             18      -2.7730837      0.89528895       1.4665372      -19.070859      0.82981306       7.8575825       29.277718   8.4945559e-20       6.7579202       4.6598286        4.6598286      -14.865825      -14.865825
              8      -2.7138492      0.89183629       1.4304814      -19.169478      0.84969186       7.7953621       26.945198   6.7689626e-20       7.0744366       4.6702884        4.6702884      -14.768275      -14.768275
             33       -3.456672       1.0291674       0.7093028       -18.43899      0.60682972       10.694671       5.1203871    3.639238e-19        4.044173       4.5356383        4.5356383       -15.98462       -15.98462
             23      -2.7106758       1.0076058      0.57867693      -18.671511      0.65620352       10.176672       3.7903291   2.1305356e-19       4.5310987       4.5425707        4.5425707      -14.506493      -14.506493
             16      -3.2729575       1.0065749      0.58304074      -18.682838      0.65861637       10.152544       3.8286066   2.0756891e-19       4.5563425       4.5431029        4.5431029      -15.632121      -15.632121
             16      -3.4097642       1.0073489      0.58296516      -18.685609      0.65882138       10.170655       3.8279404   2.0624839e-19        4.558494       4.5428453        4.5428453      -15.905219      -15.905219
             47      -3.4562727        1.009459      0.58643411      -18.681254      0.65822741       10.220191       3.8586386   2.0832738e-19       4.5522637       4.5421902        4.5421902      -15.996926      -15.996926
             33      -3.4569092        1.014145      0.63158971       -18.62048      0.64344294       10.331063       4.2814385   2.3961837e-19       4.3999013       4.5395639        4.5395639      -15.992946      -15.992946
              2      -2.3046734       1.0392569      0.65156551      -18.402389      0.60255357       10.946036       4.4829667   3.9592301e-19       4.0045486       4.5350017        4.5350017       -13.67935       -13.67935
              2      -3.0284528       1.0657714      0.66295132      -19.016605      0.71294969       11.635134       4.6020499   9.6248753e-20       5.1635655       4.5438964        4.5438964      -15.144698      -15.144698
             12      -2.2121562       1.1852936      0.38504691      -18.657348      0.57968536       15.321228       2.4268722   2.2011619e-19       3.7991406       4.5853299        4.5853299      -13.594972      -13.594972
             18      -2.4422465        1.201823      0.75799456      -18.617518      0.59110673       15.915598       5.7278885   2.4125805e-19       3.9003783       4.6037415        4.6037415      -14.091976      -14.091976
              5      -2.8146646       1.2029642      0.68791995       -18.65107      0.59367602       15.957476       4.8743864   2.2332121e-19       3.9235213       4.6045022        4.6045022      -14.838334      -14.838334
             24      -3.3217774        1.168157      0.59036616       -18.62433      0.59190776       14.728449       3.8937329   2.3750349e-19        3.907579       4.5729476        4.5729476       -15.78945       -15.78945
             21      -2.6002896       1.1684711      0.59158443      -18.620835      0.59130234       14.739103       3.9046709   2.3942229e-19       3.9021354       4.5731995        4.5731995      -14.346978      -14.346978
              4      -2.6856839       1.1562646      0.57634163      -18.678187      0.60736869       14.330607       3.7700024   2.0980365e-19        4.049195       4.5649171        4.5649171      -14.501202      -14.501202
              9      -2.9472948       1.1421932      0.62846691      -19.100777       0.7034529       13.873727       4.2507631   7.9290765e-20       5.0518785        4.568854         4.568854      -15.032298      -15.032298
              1      -3.4122488       1.0002445      0.80294043      -18.433463      0.62043842       10.005632       6.3524379   3.6858433e-19       4.1729043       4.5452756        4.5452756      -15.915049      -15.915049
              3      -3.2798345      0.98358759       0.8627792      -18.532049      0.65360075        9.629142       7.2908674   2.9373153e-19       4.5040246       4.5547854        4.5547854       -15.66924       -15.66924
              9      -2.1880333       1.0154653       1.0011535       -18.52112      0.64744586       10.362519       10.026596    3.012175e-19        4.440643       4.5424827        4.5424827      -13.461032      -13.461032
              9      -2.4567906        1.016593      0.99570269       -18.52173      0.64715439       10.389461       9.9015386   3.0079463e-19       4.4376637       4.5421349        4.5421349      -13.997851      -13.997851
              4      -1.0592182      0.96606473       1.4244413      -18.450939      0.67686203         9.24836       26.573044   3.5404721e-19       4.7518424       4.5709291        4.5709291      -11.260295      -11.260295
             24     -0.19110088      0.97107398       1.2432201      -18.820914      0.74702696       9.3556503       17.507336   1.5103804e-19       5.5850487       4.5757665        4.5757665      -9.5337348      -9.5337348
              5    -0.086190972       1.0683799        1.294025      -18.157126      0.56662469       11.705228       19.679996   6.9642486e-19       3.6865887        4.540611         4.540611      -9.2536038      -9.2536038
             18        -2.20248       1.0498949       1.6103087      -17.918807      0.54831732       11.217469       40.766991   1.2055715e-18       3.5344132       4.5501364        4.5501364      -13.505233      -13.505233
             13      -2.2047089       1.0156866       1.3700548      -18.247129      0.61684869       10.367799       23.445248   5.6607074e-19       4.1385546       4.5469387        4.5469387      -13.503295      -13.503295
              3      -2.8943924      0.99981038       1.3956988      -18.266932      0.62858412       9.9956347       24.871315   5.4083937e-19       4.2519106       4.5528007        4.5528007      -14.894386      -14.894386
             19      -2.2949482      0.96361714       1.4540832      -18.337859      0.65932953       9.1963849       28.450061   4.5934735e-19       4.5638308       4.5728871        4.5728871       -13.73567       -13.73567
             19       -3.361615       1.0375815       1.4599555      -18.297914      0.62474896       10.903892       28.837359   5.0359999e-19       4.2145281       4.5422961        4.5422961      -15.807822      -15.807822
              5      -2.6650905       1.0440215       1.3652915      -18.281392      0.61162101       11.066785       23.189505   5.2312783e-19       4.0890367       4.5404367        4.5404367      -14.411054      -14.411054
             10      -3.2064336       1.0888992       1.4818994      -18.232525      0.59576446       12.271543       30.331882   5.8542947e-19       3.9424342       4.5446353        4.5446353      -15.502138      -15.502138
             27       -3.101634       1.0974618       1.6008188      -18.076007      0.56451763       12.515892       39.885844   8.3944552e-19       3.6687459         4.55043          4.55043      -15.304128      -15.304128
              8      -3.4356212       1.0973513       1.6032311      -18.075798      0.56472569       12.512708       40.108013      8.3985e-19       3.6705039        4.550429         4.550429        -15.9721        -15.9721
             24      -3.4026653       1.0811264       1.5904587      -18.126825      0.58095303       12.053867       38.945631   7.4674949e-19       3.8102461       4.5456992        4.5456992      -15.896729      -15.896729
              6      0.67639345       1.0879109       1.5661379      -18.174749      0.59251528       12.243649       36.824586   6.6872982e-19       3.9130489       4.5464762        4.5464762      -7.7401655      -7.7401655
             16      0.22996931       1.0829455        1.561058      -18.188366      0.59698592       12.104463       36.396364   6.4808763e-19       3.9535381       4.5453302        4.5453302      -8.6307218      -8.6307218
             76      -3.3727631       1.0537734       1.4999914       -18.38848      0.64231653       11.318095       31.622151   4.0880858e-19       4.3885043         4.54116          4.54116      -15.827846      -15.827846
             15      -2.6319087        1.273559       2.1773012       -17.44004       0.3908409       18.774093       150.41848     3.63045e-18       2.4594664       4.7464587        4.7464587      -14.756735      -14.756735
             14       -1.313338       1.3574725       2.0588455      -16.785471      0.16272921        22.77574       114.51056   1.6388098e-17       1.4545519       4.9894042        4.9894042      -12.605484      -12.605484
             27      -1.8236404       1.3008079       2.1280765      -16.335718     0.058729364       19.989775       134.30016   4.6161753e-17       1.1447993       4.9637816        4.9637816      -13.574844      -13.574844
             12      -2.3050167        1.304398       2.1341684      -16.336132      0.05864079       20.155707       136.19727    4.611769e-17       1.1445659       4.9699305        4.9699305      -14.549894      -14.549894
              4      -2.3569403       1.3750475       1.4433098      -16.663266      0.07908735       23.716329       27.752989   2.1713686e-17       1.1997406        5.062099         5.062099      -14.838079      -14.838079
              8     -0.22712058       1.3315473        1.563553      -16.669737      0.10124431       21.455927       36.606059    2.139259e-17       1.2625376       4.9653168        4.9653168      -10.384875      -10.384875
              8      -2.6695178       1.2968661       1.4981205      -16.706248       0.1153919       19.809163       31.486219   1.9667637e-17       1.3043433       4.8949393        4.8949393      -15.128914      -15.128914
             47      -2.8963173       1.3771717       1.4123035      -16.685342     0.083352396       23.832617       25.840656   2.0637544e-17       1.2115808       5.0630267        5.0630267      -15.918688      -15.918688
              7      -2.8385439       1.3028494       1.5225954      -16.577124     0.064927763       20.083961       33.311591   2.6477439e-17       1.1612554       4.9342928        4.9342928      -15.545673      -15.545673
             14      -2.8391257       1.3103882       1.5371438      -16.579228     0.062514676        20.43564       34.446395   2.6349486e-17        1.154821        4.947921         4.947921      -15.574093      -15.574093
              4      -2.8302179       1.3133837       1.5252259       -16.59025     0.064465558       20.577078       33.513975   2.5689192e-17       1.1600202       4.9513431        4.9513431      -15.563122      -15.563122
             19      -2.5686105       1.3501019       1.4184535      -16.704636     0.084155728       22.392463       26.209182    1.974076e-17        1.213824       5.0026015        5.0026015      -15.142424      -15.142424
              3      -2.4417113       1.3336437       1.6329947      -16.268988    -0.024733694       21.559749       42.953122   5.3828512e-17      0.94463995       5.0602179        5.0602179      -15.003858      -15.003858
             11      -2.5557794       1.4224618       1.2970046      -15.923766     -0.24250224         26.4522       19.815479   1.1918841e-16        0.572134       5.4078847        5.4078847      -15.927328      -15.927328
             27      -2.4778151       1.4438355       1.1838999      -16.077112     -0.20683892       27.786608       15.272141   8.3731248e-17      0.62109936       5.4219382        5.4219382      -15.799507      -15.799507
             47      -2.5361004       1.4446356       1.1704368      -16.080774     -0.20688758       27.837847       14.805968   8.3028182e-17      0.62102977        5.423578         5.423578      -15.919357      -15.919357
             40      -2.5718105       1.4415442       1.1781339      -16.088188     -0.20357724       27.640393       15.070718   8.1622967e-17      0.62578155       5.4125001        5.4125001      -15.968621      -15.968621
              2      -2.4216339       1.4346978       1.1735906      -16.049536     -0.21380221       27.208072       14.913877     8.92203e-17      0.61122033        5.405291         5.405291       -15.65385       -15.65385
              5      -1.3883726       1.4561448       1.0452478      -16.174416     -0.19945272       28.585433        11.09808   6.6924341e-17      0.63175295       5.4377066        5.4377066      -13.652158      -13.652158
             21      -2.3588073        1.448955      0.91519327      -16.279258     -0.16954111       28.116094       8.2260865   5.2570461e-17      0.67679772       5.3885124        5.3885124      -15.494639      -15.494639
             89      -2.5551751       1.4579659      0.93610838       -16.26356     -0.17295566        28.70555       8.6319393   5.4505516e-17      0.67149741       5.4171689        5.4171689      -15.944688      -15.944688
             81      -2.5970392       1.4572607       0.9235642      -16.293063     -0.16599256       28.658981       8.3861804    5.092567e-17      0.68235038       5.4077999        5.4077999      -16.009678      -16.009678
             14      -2.3365427       1.4564697       0.9250544      -16.294572     -0.16537699       28.606831       8.4150054    5.074908e-17      0.68331823       5.4051004        5.4051004      -15.483286      -15.483286
            118      -2.4144859       1.4564881      0.91923127      -16.291434     -0.16638049       28.608037       8.3029279    5.111706e-17      0.68174114       5.4060597        5.4060597      -15.641091      -15.641091
             12      -2.1163277        1.463269      0.90291108      -16.271487     -0.17356153       29.058217       7.9967051   5.3519557e-17      0.67056128       5.4312472        5.4312472       -15.09515       -15.09515
             49      -2.5539599       1.4401362      0.80647661      -16.395788     -0.13457723       27.550927       6.4043729   4.0198656e-17      0.73353826       5.3327402        5.3327402        -15.7734        -15.7734
             15      -0.2564217       1.4681053      0.94416197       -16.30998      -0.1485104       29.383623       8.7935042   4.8980166e-17      0.71037815       5.4278675        5.4278675      -11.368578      -11.368578
              4       -1.702397       1.4666301      0.84317586       -16.26141     -0.17064577        29.28398       6.9690866   5.4775899e-17      0.67507842        5.440771         5.440771      -14.286336      -14.286336
             10      -1.0042726       1.4804317       0.8374506      -16.263546     -0.17235764       30.229552       6.8778168   5.4507242e-17       0.6724227       5.4812565        5.4812565      -12.971058      -12.971058
             25      -2.4331148       1.4738492       0.8469639      -16.306662     -0.15824347       29.774822       7.0301387   4.9355724e-17      0.69463479       5.4493883        5.4493883      -15.765006      -15.765006
             45      -2.5307479       1.4640558      0.86824493      -16.289682     -0.16041792       29.110911       7.3832051   5.1323652e-17      0.69116555       5.4246915        5.4246915      -15.910879      -15.910879
             17      0.77819463       1.4120144       1.2591656      -16.038911     -0.18895793       25.823458       18.162079   9.1430164e-17      0.64720531       5.3364768        5.3364768      -9.1165643      -9.1165643
             37      -2.6049077       1.4299544       1.2717189      -15.976173     -0.20798439       26.912523       18.694717   1.0563961e-16      0.61946335       5.4009829        5.4009829      -16.011781      -16.011781
              1      -2.2504082       1.4415217       1.1539235      -16.338468     -0.11535923       27.638962       14.253564   4.5870302e-17      0.76672702       5.3355665        5.3355665       -15.17195       -15.17195
             12       -2.207145       1.4409846       1.1539336      -16.337686     -0.11537663       27.604799       14.253895   4.5953016e-17       0.7666963       5.3342436        5.3342436      -15.082777      -15.082777
              1      -2.6160782       1.2593136       2.4533401      -15.778864    -0.066382929        18.16827       284.01422   1.6639345e-16      0.85825644        5.024895         5.024895      -15.281946      -15.281946
             10      -2.6824339       1.2036344       1.5850835      -16.371631     0.064175625       15.982122       38.466576   4.2498007e-17        1.159246       4.8237549        4.8237549      -15.012378      -15.012378
             13      -2.8143158       1.2032459       1.5891131      -16.372627     0.064842278       15.967829       38.825146   4.2400689e-17       1.1610269       4.8230239        4.8230239      -15.274679      -15.274679
             17      -2.2843834       1.2398858       1.4887347      -16.259996   -0.0011396746       17.373438       30.813052    5.495454e-17      0.99737924       4.9019603        4.9019603      -14.372687      -14.372687
             23      -2.0692613       1.2326913        1.491532      -16.258399   -0.0001202621       17.088002        31.01216   5.5157044e-17      0.99972312       4.8927269        4.8927269      -13.923976      -13.923976
             16      -1.9267205       1.2352002       2.2436572      -15.986994   -0.0026635672       17.187004       175.24968   1.0303997e-16      0.99388568       4.9362124        4.9362124      -13.725866      -13.725866
             10     -0.87125854       1.2360849       2.3079096       -16.09963     0.031252387       17.222052       203.19341   7.9500475e-17       1.0746137       4.9092567        4.9092567       -11.56103       -11.56103
             11      -3.0843242       1.2307895       2.4402453      -15.963182    0.0097907306       17.013336        275.5785    1.088473e-16          1.0228       4.9301267        4.9301267      -16.028902      -16.028902
             13      -2.2651375       1.2242534         2.62878      -16.605739       0.2230267       16.759205       425.38288     2.47891e-17       1.6711933       4.7806259        4.7806259      -14.091527      -14.091527
