1.1108083972043245e-09,1.0124952707619446
1.382069024925863e-09,1.023544703148421
1.7195712523693864e-09,1.0152479251412394
2.1394934492157024e-09,1.0597829305330921
2.661959673581734e-09,1.0654809529561462
3.31201052906205e-09,1.0087091236497463
4.120806478558853e-09,1.0370551426242973
5.127111126097143e-09,1.0234882345599798
6.379158286551221e-09,1.0278176700593644
7.936954475677959e-09,1.051472715549622
9.875164335784295e-09,0.995912498852769
1.2286694160561553e-08,1.0288599738614224
1.5287115918384204e-08,1.0346446276750427
1.9020231357575205e-08,0.9929268681007939
2.366498894470424e-08,1.0895224983648697
2.9444019089153095e-08,1.011081132805448
3.6634251867228515e-08,1.0342054095914377
4.558039783052681e-08,0.9524398872074208
5.6711153979276366e-08,0.9778975032365408
7.056004636470459e-08,1.0539693423870296
8.779087291334673e-08,1.0153625988107235
1.0922951714926126e-07,1.0112353825286784
1.3590342002259266e-07,1.0141893551208963
1.6909120991948344e-07,1.07116553396926
2.1038350051384817e-07,1.0264844149640981
2.6175917323402493e-07,1.0109595614437359
3.256812011123862e-07,0.986247881251313
4.0521283832623896e-07,1.0275068400815406
5.041660110123732e-07,0.9769436798517882
6.272839903205551e-07,1.0698736792877865
7.80467286353908e-07,1.0335765269815473
9.71056844910804e-07,1.0384494858214572
1.2081912805613944e-06,1.0638844810299148
1.5032345068362158e-06,1.0465261656012286
1.8703238475695478e-06,1.0211167114896262
2.327059182504885e-06,1.0648571490228456
2.895328871932675e-06,1.0509425813768378
3.6023681163029612e-06,1.013810276126741
4.482074695788666e-06,0.9883994124336613
5.576600418332806e-06,1.045519845926639
6.9384141665261534e-06,1.0286694654380375
8.632782958750575e-06,1.047613264413973
1.0740914494647872e-05,1.07608920166829
1.3363866896777618e-05,1.0528078630624147
1.6627368766013692e-05,1.041170321120032
2.0687774107109523e-05,1.0169693513482954
2.5739767557035487e-05,1.051707803071572
3.202548141838673e-05,1.0040486375015063
3.984615980842813e-05,1.0501792400593983
4.957670940669056e-05,1.0300362989906062
6.168349433603857e-05,1.0094042003265375
7.674678238264892e-05,1.0471774183631344
9.548867287078805e-05,1.0739966464033641
0.00011880726942249182,0.9951641653207626
0.00014781951508865664,1.0260534190276254
0.00018391737249106674,1.0182840498192731
0.000228830094454947,1.0050715254859452
0.00028470995163804984,1.0191792636346915
0.00035423254836156206,1.0021260290669185
0.0004407311610969915,0.9790667546200091
0.0005483425317405108,1.017106739448217
0.0006822523813161638,1.0384124022309693
0.0008488777286707725,0.9710754117173827
0.001056185720824322,0.932702192981538
0.001314062909465651,1.0159859196760486
0.0016349702886020428,1.06929145853937
0.0020342769172538356,1.0264256238139104
0.002530908076979675,1.0299229043187472
0.003149090215131306,0.9907981273044482
0.003918018548009763,0.9759614350223252
0.004874565162732967,0.9761225087959671
0.006064819766854913,0.9775582829940497
0.007545906032564983,1.0023931111166973
0.0093882619033592,1.0122110037210987
0.01168052144126099,0.9772937822934811
0.014532362567506101,0.9897724522019722
0.0180792858652782,0.9703700130862741
0.02249341588713833,0.9901927043987517
0.02798330225449432,0.9305837893447774
0.03481175585292116,1.0078821485506622
0.04330404660230017,0.9300144515747476
0.05386701912141049,0.9721319928920179
0.06700001149231877,0.9857825409842089
0.08332972568709486,0.9697742909050273
0.10362821704411529,0.9215466389683598
0.12884982761952843,0.9321015155203431
0.16019627365895162,0.9351900449774816
0.19913494466181045,0.9505852947653342
0.2475025028336865,0.903794193920246
0.3075671755457191,0.936879601113079
0.3821506609566058,0.9295078251880268
0.47477541177808513,0.9642625605402433
0.5897985729595924,1.0146451330631516
0.7326641692984596,1.0179007038641978
0.9101547358186655,1.2009109160148077
1.130691344474776,1.3239049373769824
1.4048147166523774,1.4356197064543743
1.7455828333108818,1.7083443930556002
2.169320145323374,1.9739600003284206
2.6963068434019264,2.600143222739312
3.351759100987508,3.016909723024119
4.16711450646613,3.8472761759578185
5.1814054365377,5.072989700430791
6.443256852139595,7.2235113740932295
8.013155933021308,9.139741967326614
9.96634120875716,13.408577307165853
12.396428261251625,17.380086418228387
15.419862291295686,25.413094791251577
19.181604003045816,36.79051911824596
23.86192288625223,54.196663184456895
29.68509230312983,85.45102803149993
36.93030899943612,124.24488287266084
45.94479388216738,210.25379536914753
57.16061245066647,331.94111914675034
71.11530136290524,548.5782917600344
88.47778901990988,945.6223966492754
110.08022610506444,1542.6202959969514
136.9578541053908,2651.121109993347
170.39913688673298,4810.534627417195
212.00660576237297,7973.93602608518
263.77495552425626,13698.185296078122
328.1850243036523,25206.657599273243
408.3240555058648,48920.80792748813
508.03317639961995,87108.19990688484
632.0920769998783,159522.5512993327
786.4443730467149,294135.3607374993
978.4907284556261,524501.9719924367
1217.4354623246363,1025865.7815658088
1514.7304078165573,2018824.4812488875
1884.6248919967018,3744062.2871418907
2344.847082050363,7255671.12586283
2917.4562663106485,13182837.975543622
3629.8986352472907,23263719.46488774
4516.319084022085,44790214.09578932
5619.205273994005,89085656.09866709
6991.671854585116,166279578.0212638
8698.722500486621,325877180.95461667
10822.955072442248,653865240.7179203
