1.7157763482573057e-09,0.9850189608564374
2.134862634669759e-09,1.0330921231280297
2.6574217224101883e-09,1.0168729129170015
3.306523619493432e-09,1.0055328423402716
4.114910017932541e-09,0.9802226775090546
5.122184022553223e-09,1.0028423584940644
6.374160787727082e-09,1.043999458468836
7.933848482780844e-09,1.007089465955082
9.87721599622851e-09,0.9757827157434321
1.2294656455618766e-08,1.0207013410951586
1.530560470838863e-08,1.0468505221893007
1.9054601805285525e-08,1.0752141856185715
2.3720285928498533e-08,1.0645743753868397
2.9540322461953262e-08,1.0330485560193725
3.67762892991763e-08,1.0342892884833226
4.5788477659771376e-08,1.0341442719092826
5.702378090788188e-08,1.0240512004757427
7.099905939004574e-08,0.9875586721057463
8.842832846070854e-08,0.9970481692474369
1.1013705381730185e-07,1.0028226720472646
1.3714868683754907e-07,0.9975656332651456
1.7084781070022434e-07,1.0370861897402768
2.1282799663627963e-07,0.9895415521191484
2.6514466913357074e-07,1.0261476308776696
3.302732893236102e-07,1.0026478583394351
4.1151656216873626e-07,1.0237388548502608
5.127818073093388e-07,0.9996112349334242
6.391014035555474e-07,1.026411526915452
7.965346245018402e-07,1.0387852977982501
9.927890831631427e-07,1.0052420076930304
1.2373957739136866e-06,1.0378819259029242
1.5426368952663651e-06,1.0429332429227933
1.923457575952311e-06,1.0243733620507294
2.398463518998292e-06,1.0195855694758955
2.991029867477627e-06,1.0134569024883409
3.7312586734460116e-06,0.9900840335492415
4.654697395198294e-06,1.0320678938365013
5.80749465432877e-06,1.0548443666549923
7.246451532374576e-06,1.056510461435532
9.043371571097981e-06,1.0028402724561853
1.1288568421156402e-05,0.9740611198146601
1.4093723219292234e-05,0.9825207171320671
1.7596981184301477e-05,1.0426601786851832
2.1977321468429235e-05,1.0093369226093951
2.745286465911812e-05,1.0336638814017893
3.429947404173766e-05,1.0332798312348517
4.2863781151666984e-05,1.0113777258721588
5.3576918460219734e-05,1.0495138502092383
6.697924415633626e-05,1.04495361139674
8.37557803929376e-05,1.0150858464727066
0.00010476791716389832,1.0529376889433
0.00013108021169363045,1.0264926163478998
0.00016404039667115324,1.0126156168310716
0.00020534527361287366,1.0371212008439004
0.0002571108530467687,0.9774849362568805
0.00032203439800648477,0.9844721834776992
0.0004034440415328819,1.0473503698021913
0.0005056078957966992,0.976367431235549
0.0006338261478235155,0.964228469093569
0.0007948407741655379,0.9600535120369731
0.0009969500336999256,1.0234779780092436
0.0012507834143272271,0.9259250384289114
0.0015697416609440412,0.9303160103690179
0.0019705065398397917,0.9542934239424428
0.002473990699032663,0.8947886355259334
0.003106434543512088,0.8815234416020713
0.003901182546959912,0.8830775533059143
0.00489863819424959,0.8652123289788989
0.006151106158738155,0.863227027427501
0.007720825182860287,0.7925986055007936
0.009687048918686287,0.8250912305585182
0.012144810789230395,0.7658055967351004
0.01521252751598524,0.804953057219886
0.01902882842506016,0.7510741800555497
0.023761815947171323,0.6934163419884657
0.029609772997407045,0.7324742471235638
0.03679689224686421,0.6617123705385999
0.0455886241048207,0.6773261432992185
0.0562747346712952,0.6923880354084945
0.0691888131020799,0.6941641958551459
0.08469653888299478,0.7125398165422601
0.10321743086711446,0.746148975642383
0.12523954692022934,0.7724683583984874
0.1513346741183991,0.8819748742717686
0.1822131506307096,0.9591989583643952
0.2187568806938949,1.1027447186486792
0.26207785443536247,1.2817934275668903
0.3136116003541285,1.4975005542077315
0.375153852554797,1.8624282653317805
0.44902221671125736,2.377917247467515
0.5381110458738856,2.8595236611820547
0.6460796463511936,3.676743457984427
0.7775053385872801,4.525915382200323
0.9381232290715341,6.715948314309197
1.135038318336348,9.000704876928095
1.3770911535724224,12.555184610895854
1.6752499139130983,18.350814567461125
2.043046088069319,27.286854365561805
2.497440404076781,44.96359837067946
3.0591425725046926,70.66699464470408
3.7539752580223706,112.26371180163417
4.613899729874847,204.13820381192474
5.678528262006037,374.8571825739504
6.996877346775002,748.1495437477678
8.629763533287651,1441.1706307137902
10.652544003724696,3324.652582402128
13.158656859396167,7638.617849233121
16.263978408624038,17946.63804246457
20.112193824159448,47632.72518168875
24.881718427511718,131663.3236208466
30.793757258693,376150.6511978424
38.12302071521974,1165677.3418855155
47.210604636660364,3906686.107098178
58.479993101601565,12938759.692858694
72.45757354026195,50314611.27082983
89.79713814479518,196280637.50870553
111.31104207700642,806264050.2710638
138.0093495681602,3659432430.132008
171.14723152801628,15483318388.103722
212.2854198144081,73944231167.274
263.3643695354224,374538151469.07
326.79668978249725,1976085350806.2402
405.58260556446885,11182137195221.057
503.45374996141265,61341298890631.125
625.0497738970937,349495063039881.7
776.142415211131,2143989949322461.8
963.9095007056966,1.3061357108886678e+16
1197.2794401612118,8.289475667383203e+16
1487.3584373635952,5.171324592247736e+17
1847.959357144013,3.2916586066213345e+18
2296.267007644623,2.2219259755586814e+19
2853.655831658799,1.4599752443576674e+20
3546.717690437439,9.970596226862331e+20
4408.530470144851,6.91058367658964e+21
5480.247915414289,4.455990761692783e+22
6813.064729981638,3.086597915616257e+23
8470.657120416134,2.3210301227236696e+24
10532.275199624766,1.5966002319027333e+25
