5.9766673847911935,9.999999999999999e-10
5.976548074517378,1.2442008994060738e-09
5.975275579792642,1.5480358780828764e-09
5.975144369177395,1.926067631823586e-09
5.974520164231804,2.3964150798318225e-09
5.973222265299238,2.9816217976770312e-09
5.972731403061103,3.709736522358517e-09
5.971650456007812,4.6156575176780075e-09
5.970001593866157,5.742805234845383e-09
5.968790069783667,7.145203438308535e-09
5.967249207580124,8.890068544382812e-09
5.9656134697568755,1.106103127870274e-08
5.964164707675333,1.3762145065320636e-08
5.961613360676734,1.7122873268028756e-08
5.959963427928107,2.13042943204976e-08
5.958091677346582,2.6506822154774767e-08
5.955523113338449,3.297981196536754e-08
5.953605340438043,4.10335117095534e-08
5.950801115570596,5.1053932174815894e-08
5.947982379664207,6.352134833012262e-08
5.945691161666796,7.90333187238249e-08
5.942412180433028,9.833332623922964e-08
5.939131055447848,1.2234641294844038e-07
5.9356424017276055,1.522235170295561e-07
5.932554501026292,1.8939663679892911e-07
5.92871463718082,2.356474658497126e-07
5.924692452854698,2.9319278895297384e-07
5.9201199752913585,3.6479073171466523e-07
5.915576121088896,4.538729564943853e-07
5.910940862493756,5.647091406864068e-07
5.906324956883594,7.026116207448585e-07
5.901100048876994,8.741900104639102e-07
5.89551098521468,1.0876679972709998e-06
5.889754767111042,1.3532775004597783e-06
5.883800572569287,1.683749083218056e-06
5.876999797019239,2.0949221237140576e-06
5.870222506976264,2.606503990510707e-06
5.8631174947374864,3.243014609298935e-06
5.855818453644755,4.034961693676772e-06
5.848158791631737,5.0203029683416836e-06
5.839941755354327,6.246265468501692e-06
5.831321054324238,7.77160911383889e-06
5.822604590969619,9.669443049270767e-06
5.81323577158956,1.2030729738658496e-05
5.803495832648652,1.496864476135027e-05
5.793332720080171,1.862400127496198e-05
5.782664059871671,2.317199913684756e-05
5.771604088280622,2.8830622167102438e-05
5.760208789034098,3.5871086030745464e-05
5.748285150934256,4.463083750212607e-05
5.7356991473567644,5.5529728161391463e-05
5.722695142132202,6.909013772217804e-05
5.709228616652711,8.596201149402325e-05
5.6952252865891975,0.00010695401201561876
5.68078565376525,0.00013307227794492085
5.665685117400891,0.00016556864790508524
5.650164128625544,0.00020600066063695418
5.633965804191042,0.00025630620724274324
5.617202746542795,0.00031889641357478
5.599725637604265,0.0003967712045871126
5.581853454350775,0.0004936630896057157
5.563394119195662,0.0006142160600910114
5.54419888959121,0.0007642081743948914
5.5243640376706855,0.0009508284979155957
5.503955510214538,0.0011830216722875078
5.482977668090299,0.0014719166286769915
5.461168050451451,0.001831359993250665
5.438890116596414,0.0022785797507387786
5.415669265220224,0.00283501097523765
5.391922545202856,0.003527323205216767
5.367339922092422,0.004388698704426617
5.342078497575013,0.005460422875269855
5.315837493283906,0.006793863052548239
5.288835763710632,0.008452930520422194
5.260897328063519,0.010517143756126324
5.231847350860947,0.013085439720555347
5.201823875324696,0.016280915869438892
5.170438387750732,0.020256730167910447
5.137740326432708,0.025203441893940325
5.103393754968172,0.031358145072569205
5.067278159870161,0.03901583230299666
5.029066935141862,0.048543533642464894
4.988347300394052,0.0603979082183037
4.944791156170917,0.07514713172745895
4.897831805398763,0.09349812888309095
4.8469081050775085,0.11633045604912651
4.7914184737788705,0.14473845804464192
4.730497458559951,0.18008371967779105
4.663487535899645,0.22406032599149886
4.589399014713712,0.27877605911984094
4.507493436267762,0.3468534234897855
4.416976557715795,0.43155534146806684
4.31722547760221,0.536941543998064
4.207724499743183,0.6680631519708745
4.0883824922897025,0.8312047745422185
3.9593650709381873,1.034185728076047
3.821182353391252,1.2867348130251426
3.6748515535107713,1.6009566116629885
3.5212097403699967,1.991911656141183
3.3620152260342997,2.4783382741083013
3.198790586752762,3.0835507096780326
3.033176870377937,3.8365565663456453
2.8667795730662156,4.773447130469529
2.701182307756148,5.939127212997506
2.5377479865422936,7.389467420098585
2.3776861907202345,9.193982010218539
2.2220034556333825,11.439160686237122
2.071508441483521,14.232614014266826
1.926839432761305,17.708231157450275
1.7884220370215516,22.032597132990198
1.656593892290086,27.412977169118086
1.5315329645074098,34.10725084921475
1.413314979123318,42.436272182861565
1.301945568448413,52.79924801735731
1.1973282337047582,65.69287187116005
1.099337485555381,81.7351302666653
1.0078073590160426,101.69492259085713
0.9225184657817213,126.52891415257551
0.8432439970193533,157.4273887895083
0.7697272814546232,195.87129872305513
0.7017009130914235,243.7032460390609
0.6388917407424515,303.21579790997924
0.5810186290850549,377.261368473725
0.5277940783567423,469.38893396617476
0.4789416353562461,584.0141338119728
0.4341789420164454,726.6309105547127
0.3932344617552803,904.0748324484279
0.35584186912703075,1124.8507196627247
0.3217433235441837,1399.5402771019315
0.2906949420600508,1741.3092715252487
0.26245966730660675,2166.5385617758407
0.23681552950510498,2695.6092271594425
0.21355058087582474,3353.879424879076
0.1924670803380145,4172.899796934072
0.17337824334067561,5191.925680476795
0.15611107952035178,6459.798601298692
0.14050680928485865,8037.287229717931
0.1264130757789906,10000.0
