1.1177030950141125e-09,1.0489178704396196
1.299129983855088e-09,1.0583411575624857
1.5100052565526657e-09,1.0199584803448987
1.755112188144249e-09,1.038965083202428
2.040008727751798e-09,1.084329129432241
2.371146996819893e-09,0.9895004734063391
2.756037049278743e-09,1.0353474231983848
3.203416184072482e-09,1.059006367742225
3.723385111717034e-09,1.0427324250157173
4.327770729041682e-09,1.084607747316262
5.030267762644371e-09,0.9857077049683135
5.846793240923753e-09,1.0676708240087391
6.795871360981495e-09,1.051723636950547
7.898982089720978e-09,1.022260630102022
9.181146440397001e-09,1.0671589612247814
1.0671479335722469e-08,1.0551849636861454
1.240368635638793e-08,1.019701377218435
1.4417095424078797e-08,1.0077804483221338
1.6757313883944707e-08,1.0198163469495234
1.9477445525362477e-08,1.0085226029086607
2.263904748711869e-08,1.028676578282181
2.63139025998713e-08,1.0509958234640053
3.058516405360669e-08,0.978624820761495
3.554985275775585e-08,0.9660170166043831
4.132034713467923e-08,1.0010112695196247
4.802760046047399e-08,1.1037878361855726
5.582355114160936e-08,1.0460088914183925
6.488493152594485e-08,1.0573163557783316
7.541740092646905e-08,1.0187094660901115
8.765907238976765e-08,1.060111238199204
1.0188823524836656e-07,1.017553883620803
1.1842706573113356e-07,1.0069741764905829
1.376502477591877e-07,1.0243697727303993
1.5999405058324367e-07,1.067737989672646
1.8596458762686944e-07,1.0042789951903148
2.1615081339907875e-07,1.0673145138017024
2.5123763611783734e-07,1.0119204076873036
2.920184506851934e-07,1.033494311071881
3.3941936759504084e-07,0.9881743466200565
3.9451571823856386e-07,0.9933790869239513
4.5855421935689415e-07,1.0084281800822041
5.329884365028284e-07,1.0736745268554566
6.19505086419381e-07,0.9874306569339034
7.200622468827172e-07,0.9798647973703194
8.369444664567454e-07,0.9961365712576816
9.727992747433423e-07,0.9885378234144363
1.1307044661458673e-06,1.0360140812957626
1.314242327165485e-06,1.0171012222891176
1.527572968717907e-06,1.0515923561093203
1.7755323508090859e-06,0.9982900166721558
2.0637430506282646e-06,1.0547181645746695
2.39873308257317e-06,1.0547656947895905
2.788098792441398e-06,1.1002665007503167
3.240668886921785e-06,1.0683911294219035
3.7667140222221786e-06,1.1034605758174876
4.378114980093576e-06,1.031717049505027
5.0887864693850606e-06,1.0705029838636428
5.9148061686506475e-06,1.0433808947857
6.874904129068766e-06,1.0612068095071152
7.990835813743694e-06,1.016542881122582
9.287921989261626e-06,1.0429312545611311
1.0795524750212566e-05,1.0415643817251643
1.2547839966246887e-05,0.9873721422153133
1.4584641964271272e-05,1.083759264633308
1.6952041024183528e-05,1.0057072237351832
1.9703834567188704e-05,1.066408295104619
2.290221391990501e-05,1.0275105747024076
2.661984971115798e-05,1.044085235126541
3.094095297774171e-05,0.94197193811652
3.596351895273857e-05,1.0131437841287314
4.1801398360936924e-05,1.0549547347317323
4.858687197700122e-05,1.0359567171775903
5.647398684089866e-05,1.0527588662074536
6.564143779672318e-05,1.0239831806294317
7.629710050189468e-05,1.038091570720878
8.868270852205708e-05,1.0175045558548539
0.00010307924606107639,1.0077453922934414
0.00011981257334583343,1.0899592333134511
0.0001392634462509362,1.0609616156910255
0.0001618717322034883,1.0439621669862649
0.00018815110258119726,1.0357048745075905
0.0002186873608152512,1.0290054040711902
0.00025417383905063464,0.9915617670233502
0.00029541705730938924,1.009457092262448
0.00034334714450735625,0.9856422135244335
0.00039909670835959655,1.0291973601457856
0.0004639052283613345,1.0293573328673744
0.0005392149248480717,1.0880493962407596
0.0006266682003354502,1.0408926295197323
0.0007283953221781677,1.0464292341392207
0.0008466827382608382,1.1587945664998764
0.0009839549096772099,1.0768101025647214
0.0011437929421640645,1.0648631357369527
0.0013293348535566491,1.155713640694786
0.0015449270475300278,1.0651868332425776
0.0017956985787360795,1.1444786101816813
0.002087302036489166,1.181379677272769
0.002425805315259838,1.1661932884340205
0.0028190037333663616,1.1768306262347674
0.0032765043741216048,1.1569929472277083
0.0038077228640787135,1.2403955209617252
0.004425253041914603,1.282841210780688
0.005142591352940545,1.2937745619963685
0.005975882707235217,1.3478286630857685
0.006944443822599606,1.4228469071800773
0.008069355497136142,1.5378137091381394
0.009375332917895532,1.574364452114352
0.010890998161064152,1.5965228619533334
0.0126522903295658,1.773796736802127
0.014696347709726118,1.9441524012831564
0.017067518380919612,1.9216409711235827
0.01982349567028766,1.9229162089435887
0.02301620285180749,2.131105566352812
0.02671949041577079,2.468173221287856
0.0310137896641789,2.568703776406104
0.03598681593001062,2.570239757423233
0.04175554081475396,2.9892388477994163
0.048433002922429066,3.14161597944131
0.05616825810207714,3.394593146406282
0.06512219578333574,4.062921997669287
0.0754847131521955,3.9539182494176917
0.08748136833122558,4.193538763963242
0.1013579864927412,4.643846650103962
0.11741058284989823,4.951743811674855
0.1359826268818562,5.420660091675704
0.15748481580286589,5.812449400628448
0.18236623898290905,6.176968597334006
0.2111674867542827,6.718563428402398
0.24451622821325417,7.4588481375986495
0.28316438005263467,8.375924657420043
0.3279291517981382,8.432711997136117
0.379835666199003,9.074509905137372
0.4400291448448412,10.714891936103863
0.5098443656824725,10.72930543848914
0.5908744452317255,12.796703073454534
0.684918429653115,14.64849112982384
0.7940926763290482,17.020328575124203
0.9208841978218587,20.096160486776572
1.0681236773345237,22.249479459232475
1.23919392836914,27.361305549331714
1.4379119711831776,35.98220121154606
1.6688182044694784,43.161023647493245
1.937113966283644,54.890206888093715
2.2489075550845397,71.98731483509157
2.611231309649272,93.38520773148981
3.0323384310311217,129.21393093791798
3.521737883550743,184.339552833798
4.090526034060655,268.02613578976315
4.75161655942236,398.41830611148805
5.519996612477574,570.1148846345512
6.413050960193583,917.2532244643116
7.4510373695015355,1459.429832858525
8.657502080682281,2419.696369100484
10.059769631674119,3947.1867501946554
11.689669429572698,7149.455712667308
13.58409669530469,12278.463628399484
15.786034327558628,24074.43976460052
18.345371394127135,46189.76759628262
21.320132355828036,93778.4701694164
24.777761189789206,188961.0499335965
28.79662603993014,389935.0547793001
33.46787028254048,891657.9096295761
38.897350134642366,1810314.2237775514
45.20813546086514,4360101.9943802515
52.54328746901327,10755603.85074339
61.06912343154361,26093885.1344813
70.97892484162604,66947011.55681487
82.49723297348226,163645364.0133451
95.8852331657232,459008077.2811935
111.44649106105547,1223670163.4144726
129.53351198509728,3394971697.7224803
150.5566079107534,10525318940.487694
174.9921341923039,29129330831.659283
203.3941671374057,85990764172.56277
236.40646542026406,264726488404.73422
274.77740719792763,848058998997.1176
319.3768122155888,2767157036713.243
371.2154795205809,7858321088155.4795
431.469225583341,27981341841187.71
501.5032207617475,101997353374872.55
582.9054664063307,322045171631260.56
677.5207881212904,1062507392345757.0
787.4944891397305,3741967705388839.5
915.319382377923,1.2541823965541052e+16
1063.8931592832232,4.6882993343254024e+16
1236.5837181113677,1.665229069261628e+17
1437.305926912875,6.163344908570378e+17
1670.6098224959258,2.250584784629346e+18
1941.7842155212327,8.99472071436485e+18
2256.976273931645,3.2447809952866714e+19
2623.334822665901,1.1237996099605412e+20
3049.1533992640143,4.156199096999139e+20
3544.0965442933225,1.496149641076469e+21
4119.37966935748,5.992670815901623e+21
4788.044779414781,2.219526156120206e+22
5565.247146366324,8.83114372333545e+22
6468.610402753516,3.396488104569667e+23
7518.6077137423135,1.238867720357641e+24
8739.022818135816,4.833441449482975e+24
10157.586967521995,1.8397154775426898e+25
