1.1176976964672347e-09,1.07379617043897
1.3492279713414485e-09,1.0455001526506986
1.6287231840472122e-09,1.048067924402336
1.9661098329207473e-09,1.0392054292319757
2.3733934794311595e-09,1.058997609749399
2.8650368271662095e-09,1.0326363394976332
3.458519190532482e-09,1.037828143940649
4.174949168652415e-09,1.006280638387976
5.039789570957616e-09,1.0668752769475505
6.0837815718745125e-09,1.102550663501482
7.344020119549264e-09,1.0228434226761562
8.865333214235078e-09,1.0555571085243556
1.070179205751171e-08,1.0311258754252604
1.2918667175776627e-08,1.020998622694198
1.559475037809263e-08,1.0037775856914903
1.8825200451200494e-08,1.08646571809543
2.272478881041627e-08,1.0862317993811588
2.7432210629732287e-08,1.0239484307487423
3.311477089417961e-08,1.0511543932123297
3.99745572574458e-08,1.0448162720954584
4.8255193619337425e-08,1.0714358282371668
5.825109662251781e-08,1.04985136258828
7.031784361810948e-08,1.0501582337121766
8.488409528134284e-08,1.06240720556533
1.0246796063608152e-07,1.100276622662605
1.2369417690169728e-07,1.0845804446316256
1.4931734592180766e-07,1.0333511028622855
1.8024796416379586e-07,1.099945222009067
2.175864002328691e-07,1.0105465697155653
2.626595085153652e-07,1.0628949889287556
3.1706829366730904e-07,1.0255096176719236
3.827487307981309e-07,1.044809495980771
4.6203672763928823e-07,1.1027654950791084
5.577446831770069e-07,1.0684825263997566
6.732823903700675e-07,1.0355698940298144
8.127529935622613e-07,1.038028630239216
9.81112210061607e-07,1.0957477280155317
1.1843464811090658e-06,1.078844292940568
1.4296835771792632e-06,1.0379816475815944
1.725839720908733e-06,1.0483580288741867
2.0833423245033737e-06,1.1183437915305938
2.514902116614393e-06,1.0891663694545
3.035866124953439e-06,1.0432433010223605
3.664736758726697e-06,1.0280872018475624
4.42387293703521e-06,1.0712620417936036
5.340271531571057e-06,1.0078196429710278
6.44649499185376e-06,1.0561865183625583
7.781857695403502e-06,1.0062593138791167
9.393840762662736e-06,1.0569868123523503
1.1339772032719371e-05,1.0451184494927084
1.3688739736963806e-05,1.0347359211122427
1.652431347936598e-05,1.0981470462280842
1.9947324535095165e-05,1.0267014129851508
2.4079480720019988e-05,1.005243566670333
2.9067610434556305e-05,1.0075904132768463
3.5089098368319806e-05,1.0434345911543357
4.235802389351481e-05,1.0659728871000798
5.113270204038526e-05,1.0880932811157158
6.17251623987526e-05,1.037112234564313
7.451232710848917e-05,1.045884652212314
8.994851318281483e-05,1.053270279371817
0.00010858279069993596,1.0076133369909839
0.00013107771300029374,1.051295965584745
0.00015823485500443608,1.0673310879769076
0.00019101612581441711,1.0457556105533494
0.0002305753644749954,1.0344986846620412
0.00027832216428378515,1.0571802213858597
0.0003359508537014189,1.0377416859964594
0.00040555659539087175,1.0935636681677825
0.0004896023379700477,1.0728071319129142
0.0005909785853319002,1.0856772426537533
0.0007133549857307855,1.0483768963117066
0.0008611764952728969,0.9935499474216658
0.0010394696107551894,1.0110106988507117
0.001254650694975532,1.0003670661997075
0.0015144765880260056,0.9773739789427764
0.0018283072283822048,1.039416417450421
0.0022067605179635044,1.0263466544273365
0.002663708262656106,1.0195456807760181
0.0032147146240948774,0.9919250422161323
0.0038801210435559018,0.9800133117509944
0.00468351693354427,0.97412499119026
0.005651749654036148,0.8670255461115678
0.006820907729144389,0.9693693436484699
0.008230255358524029,0.9446855223586698
0.00992858873813161,0.9268887363201227
0.011977645748728142,0.8768289994103274
0.01444690868102895,0.8051564125223988
0.017423969735391294,0.8382523251180456
0.021010323750984407,0.8803573084017374
0.025325964827993975,0.8036836207612507
0.030520272955617187,0.7797359031199526
0.03676707239515928,0.7880898094943429
0.04428127171328819,0.7845045695336225
0.053309746002813456,0.7815530028824508
0.06415422103637122,0.751477952663211
0.07717274067930004,0.7997115574583473
0.09280672945628189,0.8221819181106006
0.11157760508403286,0.8744900077537014
0.1340932484003041,0.9368387374755379
0.16114505615381777,1.0325522346256255
0.19360350894658615,1.1889576207401709
0.23261666055166563,1.4110781361757265
0.2794939241674389,1.689862548125941
0.33586845996221104,2.175905041044087
0.4036999578248376,2.429890098730443
0.48537000080099496,3.1116031275187312
0.5837285565496506,4.0958464743766125
0.7022369875759507,5.1640451689214455
0.8451196619969104,7.057166369644195
1.0174097419020924,9.359141353724425
1.225239468879208,12.562841422476264
1.4759480294653455,17.7541986738085
1.778451276036207,27.30279996338875
2.1435165298027554,40.41057785293129
2.5840853011002056,59.506919851302975
3.1158269419001816,97.47479066945381
3.757658356624445,160.45904421706007
4.532320232234576,249.75408402427078
5.467431826861335,449.66418477398383
6.596155035590276,793.3082972617965
7.9586545122744266,1547.337135654213
9.603312913604316,2932.8113923329915
11.588606142471257,6210.216900822412
13.985065846533123,13404.928206068027
16.87789415650916,28765.905612873645
20.36982221570502,68800.6725064443
24.584962793188144,176949.68935925324
29.673130578692554,430428.36278065614
35.815049641673276,1201337.903879948
43.22896373147423,3288227.782359523
52.17831522490587,9399354.125639956
62.981020546536165,30617622.719881292
76.02080510122565,96264039.82689361
91.76092318874699,347077798.0810208
110.76047118785395,1118725300.6832938
133.69417574612032,4050006543.695996
161.37671617516386,14839260513.17892
194.79092528760276,58490643749.59668
235.1235662591512,252492749618.359
283.8065859007974,970125467181.044
342.5683610205543,4145233350846.6772
413.49475998087286,18161206571471.44
499.103397600152,80010720902305.64
602.4325652771875,359202664546527.1
727.148704539268,1653804461223989.0
877.6770919790813,7902008711452143.0
1059.357577775928,3.5720229861074836e+16
1278.6340993697843,1.9143201407593194e+17
1543.2827242350957,8.26702363362283e+17
1862.6873188219224,4.059179650695059e+18
2248.1702274404047,2.1410940765920633e+19
2713.393768062531,1.0200024409039264e+20
3274.8424973305555,4.868952145029163e+20
3952.4059178834186,2.5126163781335237e+21
4770.081681823157,1.2426303463246094e+22
5756.821375605648,6.1902692707052565e+22
6947.55380789767,3.086972568132712e+23
8384.415630729989,1.4264156852245885e+24
10118.240332517884,7.10474071938978e+24
