21.917156732763473,1e-09
21.917156833732978,1.207149353950307e-09
21.91695004911464,1.4572095627426376e-09
21.917053441179934,1.7590695822349841e-09
21.91684019557967,2.1234597097485977e-09
21.91695004911464,2.5633330167625155e-09
21.917163295784153,3.0943257951443616e-09
21.917156833733,3.735313384520271e-09
21.91710513739546,4.50908113892558e-09
21.917053441179945,5.4431343837635275e-09
21.91720853019241,6.570676154824818e-09
21.917156833733,7.931787475313466e-09
21.917053441179945,9.574852126495787e-09
21.917001745086324,1.1558276558669064e-08
21.917053441179945,1.3952566080576338e-08
21.9170049760886,1.6842831130116658e-08
21.917156833733,2.0331812717414403e-08
21.917156833733,2.454353458646543e-08
21.917156833733,2.9627711919708698e-08
21.91695004911464,3.576507330290209e-08
21.917066365222023,4.3173785131583545e-08
21.91725861125379,5.2117206829180334e-08
21.917150371684144,6.291325255353957e-08
21.917182681947477,7.594569217491763e-08
21.917001745086324,9.167779324426052e-08
21.91695004911464,1.106687888863989e-07
21.91693066315669,1.3359375700667908e-07
21.917103521886933,1.6126761746240661e-07
21.917001745086324,1.9467410023284936e-07
21.916898353264887,2.3500071432694047e-07
21.917156833733,2.8368096047762684e-07
21.917143909634113,3.424452881685691e-07
21.916743266447252,4.13382608376014e-07
21.91715683373299,4.990145486353981e-07
21.91695004911464,6.023850899970236e-07
21.91684685947327,7.27168772219203e-07
21.917002552836863,8.77801313597249e-07
21.917156833733,1.0596372886056475e-06
21.917079289272483,1.2791404683619598e-06
21.91713098554901,1.544113589994833e-06
21.917253764694465,1.8639757225881442e-06
21.91731192347711,2.2500970893013347e-06
21.91713098871047,2.716203247675567e-06
21.917234378467878,3.2788629956292796e-06
21.91739431495563,3.9580773468654526e-06
21.91736362030236,4.777990512153967e-06
21.917402393001318,5.767748159927346e-06
21.917570408822733,6.962533465004367e-06
21.9176608794139,8.404817774137396e-06
21.917467014318667,1.0145870346119995e-05
21.917673803814555,1.2247580833582304e-05
21.917673803814555,1.478465929071304e-05
21.91736362030236,1.7847291911159613e-05
21.916743266447252,2.1544346900318823e-05
21.916122930150777,2.6007244442001112e-05
21.915295842401378,3.1394628326189355e-05
21.91426202660815,3.789800530146941e-05
21.913228259583395,4.574855261567401e-05
21.91198780352481,5.52253357341724e-05
21.91010141120322,6.666522835319501e-05
21.90806015590587,8.047488733750888e-05
21.905579899099692,9.714520825869738e-05
21.90268662105058,0.00011726877538885432
21.89834742047874,0.00014156092644919914
21.894835363940302,0.00017088518090775732
21.896281436844447,0.00020628393573248017
21.89895457930593,0.0002490155197497901
21.902532804894186,0.00030059892378955837
21.895145312621118,0.00036286779665072223
21.883412818492417,0.0004380356262962898
21.884332408575872,0.0005287744232907843
21.88279549298179,0.0006383097034609152
21.868498992513597,0.0007705351461530541
21.866751140791692,0.0009301510038746628
21.864695023499582,0.0011228311834035286
21.853877891645077,0.0013554249376408255
21.829873232097786,0.0016362003378012542
21.819413148179525,0.001975138180710054
21.79899164351896,0.0023842867788067264
21.789420341341177,0.0028781902446687923
21.76326081652381,0.003474405494398001
21.72420170322084,0.004194126347923944
21.700830498798474,0.005062936911282339
21.656021573158043,0.006111721021545626
21.617101369078444,0.007377760082683297
21.583661415764837,0.008906058317411506
21.529871587473338,0.010750942544107035
21.47214042598016,0.01297799334647565
21.39615721192821,0.01566637628376943
21.31004632149564,0.01891165600969468
21.22422470184121,0.022829193334233326
21.125150877301163,0.027558245984626358
21.017635511074587,0.033266918836345284
20.887643106793476,0.040158139581211505
20.746268880326983,0.04847687225130562
20.589052036351003,0.05851882501969502
20.417267562992205,0.0706409618164559
20.21620767104102,0.08527419141916287
19.985233652589233,0.10293868508027706
19.74154236963377,0.12426236719115055
19.44885035148986,0.1500032362751326
19.14178243587618,0.18107630975998157
18.784609468670965,0.21858615034246742
18.395020941303667,0.2638661301683931
17.96207726765762,0.31852582856214334
17.484996987605022,0.384508248165276
16.959626556068724,0.46415888336127725
16.393890675326926,0.5603090961798617
15.790050243262467,0.6763767634659977
15.140944830524512,0.8164877730449788
14.459371113663698,0.985622687739571
13.746772193360583,1.1897937907435834
13.017662959828046,1.4362588058302033
12.276989338991442,1.7337788895633692
11.530608910571218,2.0929300664290933
10.79043326964716,2.526479177553053
10.06249137133061,3.0498377069520584
9.352479199094057,3.6816096176004627
8.67005275852561,4.4442526713836354
8.014922321569157,5.364876741052659
7.393529911176736,6.476207491984746
6.806191105523027,7.817749689997524
6.2551005373479995,9.437191487625684
5.73992463853495,11.392099607392682
5.260620592926151,13.751965681201565
4.815865807092003,16.600676487609263
4.404978231024178,20.03949589715557
4.026059477015211,24.190664525741077
3.6772243144657155,29.20174505387695
3.3569297393809596,35.250867676009136
3.0631842926377897,42.55306214128201
2.7940582226737147,51.36790147245584
2.54780895689593,62.00872907625809
2.3227285166756197,74.85379724368427
2.1170958358332372,90.35971298344073
1.9293522318456036,109.0776691510952
1.758074983266395,131.6730378461499
1.6018079904788174,158.94902256865416
1.4593644970372892,191.87520990478285
1.3294935971864021,231.62203567563816
1.2111410912673048,279.60239072650154
1.1033046227011376,337.52184532845627
1.0050730397210426,407.4392775323614
0.9155907433281499,491.8400606471679
0.8340863672039573,593.7244114571085
0.7598643650712752,716.7140397149748
0.6922658386067116,865.1808900090429
0.6307073411261835,1044.4025524245678
0.5746524393036649,1260.7498664233685
0.5236104911460322,1521.9133867458988
0.47712834890632383,1837.1767615786355
0.4348021771144365,2217.746740832167
0.39625899277024407,2677.1515454209384
0.3611607397010102,3231.7217584819514
0.32919898402767694,3901.170832898622
0.3000907173677163,4709.295850583352
0.2735812787438892,5684.823443592555
0.24943698573175369,6862.430947254284
0.22744681024627658,8283.979084506602
0.20741574856682396,10000.0
