1.1176976964672347e-09,1.053923641966136
1.3492279713414485e-09,1.0055366470322276
1.6287231840472122e-09,1.009948707130878
1.9661098329207473e-09,1.0170671713748667
2.3733934794311595e-09,1.0622435665900438
2.8650368271662095e-09,1.0380716625415856
3.458519190532482e-09,1.0454960571097824
4.174949168652415e-09,1.094341387091332
5.039789570957616e-09,1.0598348571821463
6.0837815718745125e-09,1.0410369950422749
7.344020119549264e-09,1.034125862544822
8.865333214235078e-09,1.0545439404490078
1.070179205751171e-08,1.0112922692932091
1.2918667175776627e-08,1.0286424918475077
1.559475037809263e-08,0.9565853371350831
1.8825200451200494e-08,1.0151730929810583
2.272478881041627e-08,1.0676129477536436
2.7432210629732287e-08,1.0486380464906124
3.311477089417961e-08,1.0751533809655733
3.99745572574458e-08,0.9949899114905356
4.8255193619337425e-08,1.089674195921016
5.825109662251781e-08,1.0306897454941488
7.031784361810948e-08,0.9952957699431662
8.488409528134284e-08,1.0464130907922995
1.0246796063608152e-07,1.084610566628149
1.2369417690169728e-07,1.0104831470083626
1.4931734592180766e-07,1.123413694816426
1.8024796416379586e-07,1.04945216996511
2.175864002328691e-07,1.0586173446702962
2.626595085153652e-07,1.1311683290670833
3.1706829366730904e-07,1.0309065280327208
3.827487307981309e-07,1.0484016867183485
4.6203672763928823e-07,1.0213429561359129
5.577446831770069e-07,1.040882127585475
6.732823903700675e-07,1.0161603982332221
8.127529935622613e-07,1.1022443965271402
9.81112210061607e-07,1.0250929190356157
1.1843464811090658e-06,1.1012155548924265
1.4296835771792632e-06,1.041496770936118
1.725839720908733e-06,1.0216313761899214
2.0833423245033737e-06,1.0191746849035996
2.514902116614393e-06,1.0243244555235758
3.035866124953439e-06,1.0566567130950368
3.664736758726697e-06,1.0772837876797492
4.42387293703521e-06,1.0551229131431048
5.340271531571057e-06,1.0278012747827119
6.44649499185376e-06,1.0783651277357909
7.781857695403502e-06,1.0750028102261653
9.393840762662736e-06,1.0449254797718828
1.1339772032719371e-05,0.9988565530681653
1.3688739736963806e-05,1.0094197691658917
1.652431347936598e-05,1.0669150897477835
1.9947324535095165e-05,1.0197192706838676
2.4079480720019988e-05,1.060442187731647
2.9067610434556305e-05,1.0808971699939682
3.5089098368319806e-05,1.0460606804219306
4.235802389351481e-05,1.0577391124122044
5.113270204038526e-05,1.1094364552162177
6.17251623987526e-05,1.0633335151476744
7.451232710848917e-05,1.0933483946067573
8.994851318281483e-05,1.090905017671917
0.00010858279069993596,1.067320361877705
0.00013107771300029374,1.1378563008162221
0.00015823485500443608,1.119492489820873
0.00019101612581441711,1.1052202150311177
0.0002305753644749954,1.153241447236037
0.00027832216428378515,1.2314865956409136
0.0003359508537014189,1.241486248368012
0.00040555659539087175,1.2769208008371142
0.0004896023379700477,1.3546257627392464
0.0005909785853319002,1.5000125246593607
0.0007133549857307855,1.5572432756604597
0.0008611764952728969,1.6953160750930472
0.0010394696107551894,1.8946934091454808
0.001254650694975532,2.1300431576912784
0.0015144765880260056,2.3828463824058432
0.0018283072283822048,2.773569292738618
0.0022067605179635044,3.1148302341819347
0.002663708262656106,3.697688556323087
0.0032147146240948774,4.369536183208274
0.0038801210435559018,5.251118248681183
0.00468351693354427,5.360862783608485
0.005651749654036148,6.097585621873651
0.006820907729144389,7.749054206378476
0.008230255358524029,8.4328700235927
0.00992858873813161,9.762751503589213
0.011977645748728142,11.120431833341549
0.01444690868102895,13.117317869580654
0.017423969735391294,13.327074356479171
0.021010323750984407,14.860956740905428
0.025325964827993975,15.538838035366798
0.030520272955617187,16.099136364531326
0.03676707239515928,17.135422612350446
0.04428127171328819,17.501001916878486
0.053309746002813456,16.797901985817234
0.06415422103637122,16.82859602538448
0.07717274067930004,17.338856311344777
0.09280672945628189,17.914162314373417
0.11157760508403286,17.245362404974983
0.1340932484003041,16.90867984046307
0.16114505615381777,17.23055830589065
0.19360350894658615,17.236414463405286
0.23261666055166563,16.857660122435338
0.2794939241674389,16.293896071359665
0.33586845996221104,17.36018536371143
0.4036999578248376,19.37725582492973
0.48537000080099496,19.517922961654392
0.5837285565496506,21.071447969062195
0.7022369875759507,23.80012457419099
0.8451196619969104,26.48560983144304
1.0174097419020924,30.905038140951255
1.225239468879208,39.103195626581694
1.4759480294653455,46.338890334091786
1.778451276036207,62.21348598605035
2.1435165298027554,80.1534161192691
2.5840853011002056,113.47721292226521
3.1158269419001816,156.3051928363963
3.757658356624445,237.33791309673447
4.532320232234576,366.62872517680967
5.467431826861335,579.1103361219242
6.596155035590276,1102.7892859245812
7.9586545122744266,1877.3029228560615
9.603312913604316,3506.3573208986727
11.588606142471257,6652.213041381156
13.985065846533123,13690.506678423912
16.87789415650916,32363.628392615195
20.36982221570502,74484.92620133983
24.584962793188144,172964.57570076548
29.673130578692554,457053.71346700843
35.815049641673276,1185553.1995804955
43.22896373147423,3276036.6161367446
52.17831522490587,10055113.764935115
62.981020546536165,32059025.230547838
76.02080510122565,99756895.00425754
91.76092318874699,327710846.0927594
110.76047118785395,1169153525.5884836
133.69417574612032,4168197549.65829
161.37671617516386,15441187451.928644
194.79092528760276,58342696901.59278
235.1235662591512,243446318727.5347
283.8065859007974,958373694751.43
342.5683610205543,4423425332842.766
413.49475998087286,18043708592274.49
499.103397600152,84083087541743.4
602.4325652771875,365326115436258.5
727.148704539268,1674242629228360.5
877.6770919790813,7392120517812777.0
1059.357577775928,3.7903951954334584e+16
1278.6340993697843,1.6937787161366198e+17
1543.2827242350957,8.545334531644116e+17
1862.6873188219224,4.299325531049807e+18
2248.1702274404047,2.072763723558076e+19
2713.393768062531,1.0203806526933544e+20
3274.8424973305555,5.159668458931563e+20
3952.4059178834186,2.5168023820885846e+21
4770.081681823157,1.1957382455333623e+22
5756.821375605648,6.300334832686732e+22
6947.55380789767,2.9528411069782138e+23
8384.415630729989,1.5224687919874542e+24
10118.240332517884,7.254278269275473e+24
