1.130404929640747e-9 1.0036110812451693
2.2604798739272352e-9 1.0035934149835382
5.086272313030105e-9 1.0036101802279478
7.912022457714882e-9 1.0036098550738852
1.0737621157769793e-8 1.0036096654365205
1.3563529430007747e-8 1.0035616093960549
4.1820622144608906e-8 1.0035945324767392
7.007789086207441e-8 1.0035772015543718
9.833536181377826e-8 1.0036215335064504
1.2659231449466674e-7 1.0036147442204113
4.0916352185176903e-7 1.0036134264435699
6.917354500230572e-7 1.0035900028937155
9.74306205031956e-7 1.0037002886815203
1.256876814272326e-6 1.0036879203391562
4.082577528552944e-6 1.0042112162167804
6.908269745745403e-6 1.0048408020363553
9.733955779943217e-6 1.0055242342666986
0.000012559635648199218 1.006299605763522
0.000023862311992757817 1.0098239393864206
0.00003516492467284722 1.0138307753507867
0.00004646748161472568 1.018241596885198
0.000057769984543313645 1.022919384504455
0.0000690724370350562 1.027964279514051
0.00008037483985129798 1.033234926807487
0.0000916771942630568 1.038620642151427
0.00010297950038639531 1.0442052989629371
0.00011428175911709502 1.0499557010274079
0.0002273017916681922 1.114671381988938
0.0003403171883519125 1.188470856227814
0.0004533278574358025 1.268413065183379
0.0005663336542073652 1.3530604760754268
0.0006793344305963478 1.4413719029172598
0.0007923300138763822 1.532706445816785
0.0009053202518377281 1.6264351776197676
0.0010183049843882313 1.722233175259583
0.0011312840782021264 1.819674179116113
0.0022607353984659263 2.8391213876626713
0.0033894947263955794 3.8597103157297985
0.004517483395086121 4.827076476741295
0.00564464767201362 5.721101000291519
0.006770950244736912 6.53589825502136
0.007896364859261196 7.2727896678413035
0.009020873212372056 7.935837420679072
0.010144462837063628 8.530827037143169
0.011267125621935527 9.063908616282736
0.022442732948467624 12.110460646186112
0.033529564387130666 13.098871172171885
0.04453613642121023 13.344254465366758
0.055471429781838597 13.29337552472067
0.0663436993345136 13.120793539568142
0.07716023072506799 12.902051792532088
0.0879273589799352 12.6720133147491
0.09865056533836063 12.447176055155245
0.10933458960016947 12.235241723924734
0.21470956394121762 10.975551730138909
0.3186024789536312 10.746803329270438
0.4217887116028682 11.046442853811687
0.5245822236890008 11.678752807373336
0.6271345484428941 12.561693411988648
0.729527931753946 13.658125433906495
0.8318109331306834 14.951400575007401
0.934014095249448 16.435382599605934
1.036157603222197 18.109895841559357
2.056106554167929 46.92398591635196
3.075119853112478 106.38118156090725
4.093854298354302 213.84586790732243
5.112461834555529 393.20463176000123
6.130997073359745 676.0978749630527
7.149484784732704 1103.493323908891
8.167938006428427 1727.484088016496
9.186364365973928 2613.3096206999585
10.204768663784169 3841.612685079819
15.29654656502506 19359.76189080407
20.388025325898038 69593.98199361964
25.479273634520638 202612.70722782976
30.5703259249942 509630.16826332855
35.66120385786151 1.1503459196050426e6
40.75192314800175 2.3878027019253415e6
45.842495318374674 4.634908709077758e6
50.93293000740116 8.515010421523873e6
56.02323490554822 1.4939184078353828e7
61.11341725491048 2.520312809178696e7
66.20348213406582 4.110692011505933e7
71.29343474464929 6.510101419302239e7
76.38327967048541 1.0046219015242274e8
81.47302070573635 1.5150491120573974e8
86.56266160179179 2.238278924991828e8
91.65220544030949 3.2460853636712795e8
96.74165525170243 4.629421806287813e8
101.83101381479916 6.502365328548023e8
112.00946695947991 1.23168671865798e9
123.20537645539942 2.3555241984389534e9
135.5204290290605 4.546939293659606e9
149.0664756188736 8.856853283075788e9
163.96653622788688 1.7403954541038525e10
180.35592528977418 3.449081396729239e10
198.3834763826388 6.891636469945534e10
218.21289000223157 1.387967524898307e11
240.0242208801021 2.8167534941012823e11
264.0155080691934 5.758419175559854e11
290.4045788726019 1.185533513912554e12
319.4310050785547 2.457291748997439e12
351.35829403837147 5.126263991930694e12
386.4762822412514 1.0760526374634791e13
425.10372924114324 2.271832585571501e13
467.5912508560508 4.823643273651406e13
514.3244520899468 1.0295832990130181e14
565.727454963119 2.2086324285804725e14
622.2667306902488 4.760320515863613e14
684.4553204956118 1.0305846119885635e15
752.8574812712936 2.2404885913824692e15
828.0938019787254 4.889878501951461e15
910.8468364711714 1.0710997829200862e16
1001.8672364824575 2.3541253887428876e16
1101.9806045515813 5.19024502179283e16
1212.094928487984 1.1475770380418432e17
1333.2089281550993 2.5439264563737558e17
1466.4205064861524 5.6531390640925344e17
1612.9378489828616 1.2589743625303186e18
1774.0891795464756 2.8089775944347945e18
1951.33535823243 6.278005033852509e18
2146.2830234023622 1.4051321720227678e19
2360.699057885532 3.1486474552402723e19
2596.526625232171 7.062167771240062e19
2855.9021636032303 1.5856728972091113e20
3141.1761420831454 3.5619512490689764e20
3454.9326004551294 8.004445079054645e20
3800.0136151569955 1.7989438871416566e21
4179.544411816713 4.043075942075984e21
4596.961898637341 9.084017887539685e21
5056.045291968651 2.0404128603877484e22
5560.95028987501 4.583682955351989e22
6116.249019548771 1.0269127812507827e23
6726.9650503871735 2.30095667116552e23
7398.625475863854 5.148995021377256e23
8137.307338676277 1.1504806084363034e24
8949.692816465862 2.5671747596567074e24
9843.129962213088 5.717496028454758e24
