1.7582235559199704e-09,0.9737311611943333
2.1908324942820486e-09,1.079950023518938
2.730410153604941e-09,1.0241897081353597
3.4029412038978175e-09,1.0450698757138148
4.2408264515101926e-09,1.0110761981091234
5.28712484468907e-09,1.0201841654692598
6.590451865949386e-09,1.0441947950520523
8.215137328244076e-09,1.0576239463827979
1.0241844199377704e-08,1.0233029184881715
1.2767344907473809e-08,0.9724211660251809
1.592025259101758e-08,1.0709960497922313
1.9850904591257743e-08,1.013252753747046
2.4757431460915168e-08,1.0422824177038945
3.087617379740139e-08,1.0632055442438089
3.8509135944372555e-08,1.0488244179979114
4.803918115173576e-08,0.9793966647681831
5.992554544326716e-08,1.1099575150080887
7.476216954991024e-08,1.022997552362895
9.328460415083699e-08,1.0659262405793397
1.1640951006991694e-07,1.106840118715758
1.4528964720085477e-07,1.0182506683142432
1.813533062711619e-07,1.0367870210361914
2.2638754623942503e-07,1.0560586406330577
2.826642811142122e-07,1.0683690258659988
3.5295513953894187e-07,1.0353382859337217
4.407978603266484e-07,1.0390242167813786
5.505863822266405e-07,1.0494669831799006
6.878345412079905e-07,1.0467571149987538
8.59462840824354e-07,1.0505288608991283
1.0740655339100008e-06,1.0009309067977745
1.342523935557391e-06,1.0408965853246508
1.6784118630013034e-06,1.0285239060660292
2.0987030099438947e-06,1.0049546907613505
2.6249355778161127e-06,1.045610380841003
3.2837200219548155e-06,1.0267142950593233
4.108800307228073e-06,1.098959751195379
5.1425072854469975e-06,1.0451052600342736
6.437865712491e-06,1.0400127423590222
8.06167368354069e-06,1.0803083016974924
1.0098011687534875e-05,1.0509308688153887
1.2652241270585718e-05,1.0658045900239563
1.5857132014523432e-05,1.0751357785983648
1.9880299547610887e-05,1.0265426428188507
2.493322930773955e-05,1.1182096168820326
3.128052292225411e-05,1.0927787251580066
3.925950729789239e-05,1.095960707398489
4.929114290867501e-05,1.090299059502976
6.19105969378577e-05,1.1004357591678102
7.779521499107259e-05,1.093785190651414
9.779707825082922e-05,1.1780513138799513
0.00012299976194507484,1.1967144581980527
0.0001547671236921276,1.2471712116523406
0.00019483755912127248,1.3173597956137648
0.00024540489110800044,1.3650765553151893
0.0003092674699542903,1.50687520146885
0.00038996022164691145,1.6171337687095544
0.0004919856094338831,1.8035600115475794
0.0006210624823161439,2.0099377542514554
0.000784465831912075,2.3938350943549804
0.0009914517505019648,3.0223299693138714
0.0012537770152241988,3.71631801157052
0.0015864334508791443,4.376187429157961
0.0020084872123202592,5.04647181793642
0.0025441445594923647,6.525342119384356
0.0032241773128208933,8.066765336360449
0.004087443482171797,10.09981305689257
0.005183271351917495,12.14330541310313
0.006573504713839083,13.528968940393572
0.00833572618738297,15.20647640304144
0.010566131466001487,17.061060929473065
0.013383777121352573,18.634194020470556
0.016932361621015864,19.220258206580937
0.021384667740856265,21.742581961684653
0.0269473465401338,21.285556848430005
0.03384798679417856,21.704506472884958
0.042360868331253056,21.389571534173637
0.05276454981639853,20.949829806038185
0.0653677749056928,20.77944479155152
0.0804886740739975,20.095049947690892
0.0984687823847365,19.749064220803668
0.11965457056709725,20.049521729932952
0.1444416278816503,18.620331403669972
0.17329763893140215,17.8412376433362
0.2068009585275661,17.595753813420778
0.24569032609083002,18.03869643910996
0.2909358000140512,17.487563716507715
0.3437773842335105,17.353046509693964
0.4058520135430719,16.976902411773057
0.47923362694920346,19.240526817972203
0.5665959265654699,19.940073606455336
0.6713340807488924,20.708780231401587
0.7976997658007373,22.78570644509206
0.9510053789755194,25.633417659279758
1.138349146917135,29.370496201030296
1.3678823544499765,35.37475631309026
1.6502734082291224,42.693163494284555
1.9987300319021675,59.4596380047218
2.4296163265092163,83.94380028046945
2.9635327256058055,110.78374834278011
3.6257411537531743,165.04803725186528
4.447948901588384,269.2848349285236
5.469403679136019,455.2258544587211
6.739065191215777,761.3076664496595
8.317714874703569,1489.0217275979676
10.280965131964805,3043.8059482070867
12.722948506443855,6527.393099620427
15.760647349361427,15218.38246099077
19.53966862782213,36227.66383006724
24.241122805219266,96562.68442708148
30.090313444467608,259354.0490167275
37.36781285478682,786787.4366400699
46.42174913502935,2409818.4493903574
57.687083547740464,8417434.754105452
71.70314330312101,31104702.189233575
89.14162800935948,117580020.7623503
110.83871608575711,467720075.06474996
137.83403759624736,1988170153.449097
171.42173703830977,8896261778.699669
213.2117807803511,44111403967.38662
265.2059635374311,199880541369.06747
329.89752706779797,1091015604291.1873
410.3873862059622,5850929880607.876
510.53136857876973,31861135545918.133
635.1315101135082,176780735219256.44
790.1632775273121,1005785480428672.6
983.0344305761283,6216048900635103.0
1223.0387087759984,3.886412657264951e+16
1521.6251566072633,2.347913555360575e+17
1893.1414240178617,1.5595988729175613e+18
2355.3844457107416,9.737911147111236e+18
2930.4917628705707,6.286455557017434e+19
3646.0520402367365,4.1997492782438744e+20
4536.3436483379455,2.7012200414276433e+21
5644.07232052029,1.8642860223424329e+22
7022.268316359346,1.2779046779913044e+23
8737.030198316408,8.809563293453426e+23
10870.576994610647,5.991766719348898e+24
13525.074475579579,4.502793832865612e+25
