1.778615970449341e-9 1.003699433672805
3.575894797687333e-9 1.0037089866577997
8.101086324755284e-9 1.0037581011796015
1.2654379259592216e-8 1.0037770985527514
1.7225977230608956e-8 1.0037999355978655
2.181206464000076e-8 1.0038400455041838
6.814518429424825e-8 1.0039331910041631
1.1498470244627004e-7 1.0039832797742314
1.6214426299630614e-7 1.0040237899723463
2.0954480782400128e-7 1.0040456584456297
6.912755612562355e-7 1.004272344061588
1.181242877705666e-6 1.0044914983474427
1.6764147352806783e-6 1.0047060255682643
2.175526401915103e-6 1.0049064371212681
7.2946507165355545e-6 1.0074281831253196
0.000012549277970117269 1.0105860017958437
0.00001789240219498744 1.014175356383185
0.00002330228584284943 1.0181601138109833
0.000045421835200372225 1.0372367688283222
0.00006809343303357541 1.060115774528518
0.00009117184077227531 1.0860201462150985
0.00011457891014849882 1.1144877057111833
0.00013826446421549902 1.1452216978179623
0.00016219364445921588 1.177998266942004
0.00018634016571207685 1.2125938029272216
0.00021068388191580162 1.2488445683801868
0.00023520828358546285 1.2866865979508033
0.00048819125251915713 1.7327885734653488
0.0007514609909743145 2.2653339680048843
0.001022192089629066 2.85158696823941
0.0012988744822658364 3.4705488576954586
0.001580545676365366 4.107126659550139
0.0018665255372371068 4.750078471184028
0.0021563000814971115 5.390906546950848
0.0024494703714867914 6.023260201801686
0.002745711204475818 6.642208889121529
0.005832624013698726 11.688018727747348
0.009067313880663314 14.720052826417447
0.01238902633402903 16.427855523623133
0.015764449690894515 17.358164285675162
0.01917216800031641 17.831902897221912
0.022597291380767336 18.032015282906496
0.02602897838147376 18.064977797030714
0.02945910363765045 17.994810611841785
0.03288146783945395 17.860250801489286
0.0660128126083687 15.837853949239623
0.09657319527879972 14.291331905821846
0.1247287754926692 13.255897376126095
0.15090741972173938 12.539562425074399
0.1754931445520184 12.026064069167631
0.1987895342929366 11.648128551996761
0.22103009874472718 11.365134919186918
0.2423951673484656 11.1513594475465
0.26302503653662374 10.989794896402223
0.4454490843191944 10.739141711397664
0.6070215528087745 11.491395907024184
0.7597387807176568 12.696789255051058
0.9077144961279812 14.232547219244548
1.0528089213346545 16.06226079841671
1.196004473662408 18.17793857709281
1.3378751297972473 20.583824105303332
1.4787812570869303 23.29050871635334
1.618961573358575 26.31239887466783
3.0023471724236392 78.40579633376737
4.373909016534499 189.74032391593462
5.741961952253009 398.1338863759517
7.1084971257091265 756.5033729587337
8.474237591114736 1336.4455619541022
9.839509762488087 2232.4419868510054
11.204482735470531 3566.6572628070676
12.569252897410994 5494.36946578887
13.933879242307126 8210.077658077254
20.755839530038056 44090.07342473981
27.57690429436649 165748.88631802434
34.39760402072598 499184.81014335435
41.218119021353864 1.2897748788112826e6
48.038528210289 2.9759974277177514e6
54.858870631799 6.292239668245636e6
61.679168471506195 1.2407456208298082e7
68.49943477846513 2.3107482591891196e7
75.31967838615024 4.1029513381046124e7
82.13989820643313 6.995837388521114e7
88.96011819604728 1.1519285899456212e8
95.7803213469084 1.8398706728477746e8
102.60051563987241 2.8616391130448914e8
109.42070338004513 4.346309939958978e8
116.24088546434089 6.463174698409711e8
123.06106310489584 9.429783280422647e8
129.8812367982006 1.3523449102189612e9
136.70140719661404 1.9093309711064892e9
150.34173957685675 3.6506863730244017e9
165.3460962176025 7.044947390932205e9
181.85087556453888 1.3720247420880901e10
200.00613172086565 2.694554648974773e10
219.97689997468825 5.337956796738177e10
241.94474094480657 1.0661852999058257e11
266.1093592033089 2.1465900710241098e11
292.6904339484986 4.355278884911741e11
321.9296163697199 8.90216562877944e11
354.0927012544483 1.8327208358566328e12
389.472095188164 3.7994085321261377e12
428.3894288459688 7.928928900772393e12
471.19848603319014 1.6653504240052604e13
518.2884507813394 3.51829963267134e13
570.0874038912744 7.481252695838872e13
627.0662527687855 1.5993513417576366e14
689.7429988031629 3.437435842319007e14
758.6873865263361 7.427123724247082e14
834.5262461382862 1.61250635264227e15
917.948910720984 3.5165603855489385e15
1009.7140138155117 7.708910698553118e15
1110.6554363288585 1.6966354691163864e16
1221.691092034591 3.74892452335425e16
1343.830278603949 8.316654832987659e16
1478.1833926263944 1.8516530794934794e17
1625.9718212797732 4.1369256526715776e17
1788.53904370967 9.278902870600934e17
1967.3631102946922 2.0853539137571525e18
2164.0695102134473 4.703635927685419e18
2380.4465569431804 1.0608888496601061e19
2618.46127794614 2.41253513853694e19
2880.2774302773 5.4852224123990114e19
3168.2751905905457 1.2497421929948597e20
3485.0729597124937 2.854551132588367e20
3833.5503600201628 6.53267923124584e20
4216.875483918955 1.4975543192928172e21
4638.533118459897 3.4402622593871616e21
5102.356419439526 7.921083085330292e21
5612.562241520942 1.8248429871950494e22
6173.788735716743 4.228938221899737e22
6791.137525760262 9.735457423366795e22
7470.2202229913455 2.2583820011759075e23
8217.213044151378 5.23010736288139e23
9038.905813292116 1.2246971840511999e24
9942.763173579191 2.8192689548735297e24
10937.012541343945 6.532210846717067e24
12030.684179265745 1.5311641405449704e25
13233.720383021744 3.4797147241682716e25
