2.0811999497771367e-09,1.005396956422306
2.5894350609552915e-09,1.0552730229457061
3.2217721812743382e-09,1.0379373532541416
4.008551423913195e-09,1.0258319856787685
4.987459523024795e-09,1.0584016254226438
6.205416769955118e-09,1.0131341757052035
7.720816542427506e-09,1.0816671199976293
9.606285970785842e-09,1.0278643590225014
1.195221773794333e-08,1.0279146297064048
1.4871081122083718e-08,1.1106399480916647
1.8502778207184218e-08,0.9811259095374282
2.302147325820131e-08,1.0378491094359752
2.8643827819834997e-08,1.031532435191618
3.5639424255635346e-08,0.9836538737184177
4.434212338262043e-08,1.000446142148556
5.516880988661123e-08,1.0105340221240804
6.863870294902015e-08,0.9872316469459675
8.540180525332369e-08,1.0538866778431757
1.062554456332451e-07,1.0640938087674507
1.322046738876562e-07,1.018608527432534
1.644995618366783e-07,1.050251925947848
2.04667954792193e-07,1.0411767675942398
2.5466143506966623e-07,1.0365299435231774
3.168700402812142e-07,1.0989555264411017
3.9429123926786704e-07,1.0006546046560203
4.905405303846828e-07,1.0348169926752486
6.104369652962449e-07,1.014533824855334
7.595301363182716e-07,0.971767809870381
9.450804766928715e-07,1.0007625480012357
1.175976670310131e-06,1.0448486631560432
1.4633937425267166e-06,1.0533236772887715
1.8209699239831203e-06,1.0960041361001993
2.266082298970941e-06,0.9767011686731395
2.8199712042632115e-06,1.0039008529660396
3.5093924166920867e-06,1.0339053867944863
4.3674204188510285e-06,1.1233182131008448
5.435169188433703e-06,0.9997489860517282
6.76446363826321e-06,1.0316732884730495
8.418736349728718e-06,1.0570851725989212
1.0478389882139006e-05,1.0395109836278178
1.3041729561013113e-05,1.0818119443375922
1.623259202683758e-05,1.0919477293078665
2.0204219935148603e-05,1.1271086672577477
2.5147783557063202e-05,1.0914934608004898
3.130652585685577e-05,1.1293917837084302
3.8970504181997104e-05,1.2122161535645233
4.851440098358741e-05,1.3140183482916319
6.0396536481880454e-05,1.368418046235229
7.519189391733866e-05,1.474500986771016
9.361202063423135e-05,1.632809662271772
0.0001165630048898935,1.7305586350551647
0.00014513124843524626,2.005014605131385
0.0001807072943496975,2.231847155739237
0.00022501745191608568,2.5441549003547133
0.0002802172058027539,3.006506668188096
0.0003489446462631419,3.823368887063203
0.00043455062242534945,4.50609710260025
0.0005411848259782356,5.1257631084090045
0.0006739837016910665,6.6524588971186445
0.0008393174895202311,7.543593216037051
0.0010451542452051608,8.871716316546385
0.001301546536859888,10.358330936560263
0.0016206883381812381,11.982503499911726
0.0020178275157128724,13.917366610240864
0.0025117814661606923,15.017434141741562
0.0031261005930170033,16.119258788074028
0.003889421165785067,18.401468135423418
0.0048376471381431675,19.881235746900845
0.006014104646615258,21.439980404537298
0.007471673886999211,21.47636496787429
0.009275838744015275,21.365894527857385
0.011504781918866096,21.757874739421748
0.014252789842031714,22.1988278822239
0.017631643955871704,20.912363914764985
0.02177512764857265,21.902993450354522
0.026837751449335156,22.50232434713914
0.033003216491712624,21.83129917052475
0.0404743717777786,21.44914864295914
0.04949497407206038,21.99530022205791
0.06033619105449016,20.398497318681038
0.07330888414804428,18.71314702309248
0.08878035939521757,19.545721840638798
0.10718488158970316,19.188990759134413
0.1290372500200767,17.0467326839689
0.1549800565462105,17.73368862219288
0.1858167570611962,18.014673629678256
0.22257495043159675,17.764694260352123
0.2665430584207613,18.274947693884783
0.3193549307715687,17.5385111670324
0.38311578593953605,18.549074184137783
0.4604675665040588,18.20798658072667
0.5547575666754785,20.189528614412666
0.6701624374869709,21.04725128263613
0.8119662047685353,23.520657846083683
0.9867290540519476,27.648987262562756
1.202667256137474,35.09032421683615
1.4699800837972945,41.452422513012245
1.801388044304294,59.264759351042585
2.212738679304846,71.1945392030821
2.7236724764783466,107.5182297923954
3.3586518248753574,165.58049701217905
4.14814178972465,274.40226930346455
5.129911361284777,456.2064243080864
6.351061647464767,842.6154316086921
7.870120214443328,1600.215940019981
9.759847337528724,3450.1150622111304
12.110855100694527,6962.123711814544
15.03583844168891,18037.528209793334
18.674954129568615,44563.98117002604
23.20266166033746,116009.28220646024
28.83597016460548,343737.2913940418
35.844821866956245,1008790.6968072869
44.56521117930969,3536918.3381654224
55.41510945941164,11814758.883884089
68.91448359588978,46059377.663838774
85.71045566070649,176450644.16404334
106.60794896234736,702450948.3189647
132.6086051146993,3267586986.9451294
164.95865113214137,15220023590.945324
205.208619540322,74023564534.58421
255.2876381487211,369962350618.3437
317.5959774784396,1914869432273.9631
395.12004312443776,10171485128718.076
491.57558476173386,56554590376783.54
611.5853861116066,361466621715305.6
760.9022762164388,2009231694722100.2
946.6821893146963,1.2107741338331356e+16
1177.8298167486064,8.131445302561946e+16
1465.423545266235,5.286926739743401e+17
1823.2469009699569,3.43188291369849e+18
2268.4534969005686,2.104803220869269e+19
2822.377847583228,1.3734117153420358e+20
3511.5730686985576,9.488550206352631e+20
4369.067458106762,6.57129017256474e+21
5435.966771321632,4.316040305419213e+22
6763.401123256301,3.239747893955931e+23
8414.998182090332,2.2868518092974665e+24
10469.91647896747,1.5282712255002359e+25
