2.0841932321345707e-9 1.0325635190117401
4.168392193797554e-9 1.032564605572007
9.378914627208667e-9 1.0325677508856845
1.458947274517407e-8 1.0325731331276267
1.9800066458574194e-8 1.032576868878084
2.5010695678425782e-8 1.0325810381035416
7.711892127212458e-8 1.032632174534348
1.2923060090789441e-7 1.0326951055221671
1.813456485959248e-7 1.0327649870508282
2.3346398035997962e-7 1.0328402180953589
7.548110482539178e-7 1.0337682299721789
1.2764109372734751e-6 1.0348885379955175
1.7982150916599911e-6 1.03613560396036
2.320190150681208e-6 1.037479683511497
7.546147915771434e-6 1.0541544342894977
0.000012779473618479927 1.0744114618197982
0.000018017844905190652 1.0970099827949822
0.0000232602078177952 1.1213971930380173
0.000044259064904110357 1.2317331069411157
0.00006529239227011267 1.3564191855830425
0.0000863512576186272 1.4911333823955817
0.000107430661516258 1.633424845783189
0.0001285273318836435 1.781647608141191
0.00014963893123158426 1.9346188544040799
0.00017076369213560872 2.0914083058527644
0.00019190022359253555 2.251275729239303
0.00021304739767224895 2.413618759635359
0.00042495100689769673 4.089335097118799
0.0006373719608077778 5.720064609831657
0.000850108002794809 7.220015467654961
0.001063050954076914 8.566864876343605
0.001276131857038003 9.762820616797605
0.0014893023639389257 10.819705008282297
0.0017025264571666812 11.752368874214913
0.001915776147908489 12.575829598506926
0.0021290289995307614 13.304066496912705
0.004258763810575928 17.40667850980375
0.006378496089585362 18.911120391823015
0.008484845020554218 19.518550722990167
0.010576311643923657 19.739710324561052
0.012652169421658551 19.77037379792879
0.014712084582521184 19.698882326006906
0.01675597740808343 19.569911832351483
0.018783830231647453 19.40822447944577
0.02079587307505026 19.2279001813351
0.04009878201238359 17.37311528824405
0.05811943163315302 15.948605365521516
0.0751198046972747 14.896184365071953
0.09130323322395041 14.09689689833044
0.10682343826053654 13.473066633516856
0.12179751778837151 12.975250897350014
0.13631588762407001 12.571151965574048
0.15044944717117667 12.238744387135805
0.16425453304494933 11.962598934252076
0.29122983413843023 10.776618277608032
0.4081644108265451 10.782408668396103
0.5207334766803314 11.275325293421941
0.6309658722012679 12.070063335643148
0.7397898765540797 13.098288032022598
0.847696017027961 14.331567527371591
0.9549695619905708 15.758623079707974
1.0617885358759105 17.376766911873307
1.168269592355988 19.188157981806032
2.2248019076513623 49.76876167266495
3.276308712092589 112.1759605624777
4.326443227876345 224.38324287415728
5.376016268031199 411.0139128430296
6.425306959523003 704.6338451059249
7.474436299216539 1147.3628738529264
8.523464915130244 1792.7108707027314
9.572426916949505 2707.638143681409
10.621342237581054 3974.860362359545
15.865548036428995 19938.585808508153
21.109478137020023 71477.10128415372
26.35329907457364 207708.0392727729
31.59706556868058 521748.6277438542
36.84080205724122 1.1765313082224943e6
42.08451908519834 2.440329846966333e6
47.32822163879419 4.734206429734464e6
52.57192132797537 8.6937163562422e6
57.815613321651455 1.5247814717335029e7
63.05929762210052 2.571826786164818e7
68.30297366740888 4.194223065067381e7
73.54664215328874 6.641999483089911e7
78.79031923625458 1.0249668913936137e8
84.03399515449475 1.545788375355672e8
89.277658318067 2.2839220199799922e8
94.5213513249479 3.312603423612724e8
99.76499540918192 4.7251839218975884e8
105.00866293680221 6.638188903266474e8
115.49599482860586 1.2580049643048596e9
127.03208902928604 2.4072911420670075e9
139.72172579509686 4.650740144452335e9
153.6804138644927 9.067105147985954e9
169.03487963188547 1.7839536927709885e10
185.92482896849202 3.540351570177671e10
204.5037833408524 7.085264453363757e10
224.9406278415429 1.4296583477250558e11
247.42115443396588 2.907822363475993e11
272.1496241672923 5.959737646387146e11
299.35111932480197 1.2303046346113577e12
329.27261237308966 2.5583574056224824e12
362.18633903071816 5.355980175119951e12
398.3914904308735 1.1286071050309934e13
438.21703691034446 2.393519063576084e13
482.0250637116314 5.107319994923139e13
530.2140456541329 1.0960213792408405e14
583.2218434500263 2.365164011845414e14
641.5305920318566 5.1300551384792794e14
705.670083999359 1.1185680399143876e15
776.223546736552 2.450613975618514e15
853.8322352019961 5.39442816179036e15
939.2018928755887 1.1925019310389116e16
1033.108911973235 2.6470150751048064e16
1136.4062857917274 5.898078038598517e16
1250.0334014538992 1.3193560328909944e17
1375.022536105271 2.9638408758579834e17
1512.5112089543481 6.678217985138621e17
1663.7485962474527 1.509226360279354e18
1830.1099766362388 3.421336587189029e18
2013.108526844082 7.771167141520624e18
2214.404438240188 1.772655902498116e19
2435.8319389253634 4.045037382087049e19
2679.401207808836 9.269810453126511e19
2947.3275628764623 2.1300240836204406e20
3242.0475413644854 4.8934707129345475e20
3566.239022469952 1.127357608676628e21
3922.849388124649 2.6019731597420224e21
4315.119868716346 6.023276427147998e21
4746.619293302033 1.3938443302973167e22
5221.266364815462 3.2456412863137606e22
5743.378345678756 7.54425748077506e22
6317.704821793878 1.7513450272539345e23
6949.457977182854 4.098877822665459e23
7644.390453904416 9.56450134183316e23
8408.81908875347 2.2253571920128033e24
9249.685129497482 5.212001289357978e24
10174.63965899759 1.2202382147490867e25
