1.1177030950141125e-09,1.0946378940533807
1.299129983855088e-09,1.0445581863313562
1.5100052565526657e-09,1.0901578623772423
1.755112188144249e-09,1.0047258021620606
2.040008727751798e-09,1.0355870493469674
2.371146996819893e-09,1.014710078318811
2.756037049278743e-09,1.0048397816236048
3.203416184072482e-09,1.0587068505240949
3.723385111717034e-09,0.9958070330853869
4.327770729041682e-09,1.050758838678469
5.030267762644371e-09,1.0344015839417622
5.846793240923753e-09,0.9871661095277362
6.795871360981495e-09,1.028090805629695
7.898982089720978e-09,1.056062452319154
9.181146440397001e-09,1.0682051878442893
1.0671479335722469e-08,1.0537501677842933
1.240368635638793e-08,1.039920405616826
1.4417095424078797e-08,0.9633803001122521
1.6757313883944707e-08,1.048270387676488
1.9477445525362477e-08,1.0118231255348131
2.263904748711869e-08,1.0563219610783914
2.63139025998713e-08,1.0212634487187233
3.058516405360669e-08,1.0335876969095164
3.554985275775585e-08,0.9800898411707178
4.132034713467923e-08,1.0180971399043908
4.802760046047399e-08,1.047061722113963
5.582355114160936e-08,0.9807728090602841
6.488493152594485e-08,1.0754874617420689
7.541740092646905e-08,1.0548238217084447
8.765907238976765e-08,1.1142789888558302
1.0188823524836656e-07,0.958449103513787
1.1842706573113356e-07,1.0062735313517286
1.376502477591877e-07,1.014393209776513
1.5999405058324367e-07,1.0752331041442809
1.8596458762686944e-07,0.9699534876288324
2.1615081339907875e-07,1.1121445718065823
2.5123763611783734e-07,1.0181770357781887
2.920184506851934e-07,1.0213215223611998
3.3941936759504084e-07,1.033965158769971
3.9451571823856386e-07,1.0249373010529377
4.5855421935689415e-07,0.9639978787943746
5.329884365028284e-07,1.076606077088372
6.19505086419381e-07,1.0388395040551823
7.200622468827172e-07,0.9761782959842439
8.369444664567454e-07,1.0930435292222056
9.727992747433423e-07,1.0295006048318798
1.1307044661458673e-06,0.9679251403218353
1.314242327165485e-06,1.0700490738865585
1.527572968717907e-06,0.9849562588077052
1.7755323508090859e-06,1.064687358667011
2.0637430506282646e-06,1.0062027457444065
2.39873308257317e-06,1.0393087719754495
2.788098792441398e-06,0.9944546435060811
3.240668886921785e-06,0.9989781544425312
3.7667140222221786e-06,1.0257977720732665
4.378114980093576e-06,1.0618076960446827
5.0887864693850606e-06,1.0132762177929837
5.9148061686506475e-06,1.0309157703576213
6.874904129068766e-06,1.045713144778226
7.990835813743694e-06,1.0427239930184942
9.287921989261626e-06,1.0145349435166373
1.0795524750212566e-05,1.0074019953387996
1.2547839966246887e-05,1.0392300373528827
1.4584641964271272e-05,1.0829738057145046
1.6952041024183528e-05,1.0442291783155961
1.9703834567188704e-05,1.0242048402008086
2.290221391990501e-05,1.0777608701953727
2.661984971115798e-05,1.0385065436659267
3.094095297774171e-05,1.05260868947354
3.596351895273857e-05,1.0433169341213977
4.1801398360936924e-05,1.0312286893599776
4.858687197700122e-05,0.999797747559124
5.647398684089866e-05,0.9873090310629894
6.564143779672318e-05,1.0296892981162724
7.629710050189468e-05,0.9956165412741969
8.868270852205708e-05,1.0105229628067371
0.00010307924606107639,1.0460926943900721
0.00011981257334583343,1.0630237573740406
0.0001392634462509362,0.9735042079909433
0.0001618717322034883,1.057786738202284
0.00018815110258119726,1.0428809645426946
0.0002186873608152512,1.0624753760740147
0.00025417383905063464,1.007872310850085
0.00029541705730938924,1.020719904943803
0.00034334714450735625,1.0080346623915364
0.00039909670835959655,1.0404102163260192
0.0004639052283613345,1.0260143225776712
0.0005392149248480717,0.9923605106620821
0.0006266682003354502,0.9890558288249846
0.0007283953221781677,0.9742128640121733
0.0008466827382608382,0.9786681957877117
0.0009839549096772099,0.9710097203349104
0.0011437929421640645,1.0173182152119222
0.0013293348535566491,1.0354275219947162
0.0015449270475300278,1.0300911418142453
0.0017956985787360795,0.9962348456281652
0.002087302036489166,0.9366869117159486
0.002425805315259838,1.0446798210646533
0.0028190037333663616,1.0156093013588627
0.0032765043741216048,1.006923926336133
0.0038077228640787135,0.988912245836413
0.004425253041914603,0.9274084817495443
0.005142591352940545,0.9854687319146412
0.005975882707235217,0.9402568629934123
0.006944443822599606,0.878410748571549
0.008069355497136142,0.9544508106755827
0.009375332917895532,0.9130034086550152
0.010890998161064152,0.9148939902498594
0.0126522903295658,0.9044589179098695
0.014696347709726118,0.8840373005126895
0.017067518380919612,0.8752233889411233
0.01982349567028766,0.825242358287286
0.02301620285180749,0.8096256892462453
0.02671949041577079,0.786099497485889
0.0310137896641789,0.8430616446859207
0.03598681593001062,0.7391339933767179
0.04175554081475396,0.7609254805315404
0.048433002922429066,0.7597023786349679
0.05616825810207714,0.7328475871419168
0.06512219578333574,0.7341267596505462
0.0754847131521955,0.8063221897636916
0.08748136833122558,0.8063671363829279
0.1013579864927412,0.857466728718618
0.11741058284989823,0.9338201128193664
0.1359826268818562,0.9466748342493646
0.15748481580286589,1.0481797594736404
0.18236623898290905,1.1776138829991785
0.2111674867542827,1.2900655043720268
0.24451622821325417,1.5282249214789254
0.28316438005263467,1.730950681057544
0.3279291517981382,1.8647591174878424
0.379835666199003,2.2994334639821545
0.4400291448448412,2.745414376378929
0.5098443656824725,3.2938088145003306
0.5908744452317255,4.149274577563667
0.684918429653115,5.172007504585101
0.7940926763290482,6.236563242049803
0.9208841978218587,8.055235359041395
1.0681236773345237,10.27218878489851
1.23919392836914,12.887200366827484
1.4379119711831776,18.027037811675427
1.6688182044694784,23.65071976448963
1.937113966283644,31.726011184095277
2.2489075550845397,42.78515923513696
2.611231309649272,60.9577717093961
3.0323384310311217,94.29318621390478
3.521737883550743,129.2179121775109
4.090526034060655,197.8440690141595
4.75161655942236,287.3251572602254
5.519996612477574,468.6108392401253
6.413050960193583,787.0235754734276
7.4510373695015355,1229.329425185245
8.657502080682281,2036.6445483161806
10.059769631674119,3776.4412540925214
11.689669429572698,6237.292489439517
13.58409669530469,11979.062010990705
15.786034327558628,22036.348517431736
18.345371394127135,41969.40352587502
21.320132355828036,83427.27749919196
24.777761189789206,182307.12520852525
28.79662603993014,390618.7379856397
33.46787028254048,824327.8307657024
38.897350134642366,1867705.9007355042
45.20813546086514,4426198.2640928095
52.54328746901327,10219256.463552758
61.06912343154361,25297648.576298155
70.97892484162604,66023497.12872933
82.49723297348226,166708639.23759493
95.8852331657232,442439115.55110675
111.44649106105547,1191985626.600015
129.53351198509728,3373485925.6291966
150.5566079107534,9913896300.875675
174.9921341923039,28702870700.50692
203.3941671374057,82189491990.5957
236.40646542026406,255915888797.00525
274.77740719792763,823322437654.5304
319.3768122155888,2610932635480.714
371.2154795205809,8425708822588.674
431.469225583341,26046310767850.996
501.5032207617475,97502195471527.28
582.9054664063307,319751514774669.4
677.5207881212904,1094178579797995.1
787.4944891397305,3900697234905789.0
915.319382377923,1.2597006979605546e+16
1063.8931592832232,4.5214698064237336e+16
1236.5837181113677,1.7991242796393152e+17
1437.305926912875,6.262978749351493e+17
1670.6098224959258,2.160253409616651e+18
1941.7842155212327,8.352459628830337e+18
2256.976273931645,2.9756205135170097e+19
2623.334822665901,1.1139018580013693e+20
3049.1533992640143,4.351034908559139e+20
3544.0965442933225,1.625386996771606e+21
4119.37966935748,5.913057394292829e+21
4788.044779414781,2.1619570649966106e+22
5565.247146366324,8.82469955763192e+22
6468.610402753516,3.232011576868593e+23
7518.6077137423135,1.3778845489542197e+24
8739.022818135816,4.991053748210817e+24
10157.586967521995,1.9307814757365994e+25
