1.130164330388135e-9 1.0174004961394532
2.2604880935048415e-9 1.01539410148965
5.0863448283919926e-9 1.0129065684796879
7.91213708167726e-9 1.0115219488408975
1.0737733538467008e-8 1.010586633989786
1.3563680234237269e-8 1.0099195789808002
4.1820888760331335e-8 1.0070408007573748
7.0078159078462e-8 1.0059920760898005
9.83354461982001e-8 1.005384897178617
1.265928911866862e-7 1.0049547571200388
4.0916619894073367e-7 1.0035205072467928
6.917400191474073e-7 1.0030913802115673
9.743128150601533e-7 1.002847543229294
1.256886032242833e-6 1.0026794264265797
4.082617288025775e-6 1.0021253881575976
6.908346368608362e-6 1.001939463449612
9.734073343617372e-6 1.0018103131828082
0.000012559797987267725 1.0017396176663298
0.00002386267318154231 1.0015008868835868
0.000035165511800167066 1.0013185144823185
0.00004646831360620123 1.0011551726199786
0.0000577710786095783 1.0010028467756946
0.00006907380525001949 1.0008544316472447
0.000080376494922622 1.000705671759421
0.0000916791464255111 1.0005612782378823
0.00010298176019336761 1.0004285231468795
0.00011428433581722661 1.00029316550131
0.00022730792522292743 0.9989356490311768
0.0003403274235696219 0.9976126702826202
0.0004533426104620946 0.9963085821892393
0.0005663532741283356 0.9950095486058104
0.0006793592245558 0.9937101285525588
0.000792360256679186 0.9924277009131156
0.0009053561953251489 0.9911432790050267
0.0010183468611086378 0.9898702792789451
0.0011313321107753436 0.9886034102875751
0.0022608548147797715 0.9762465016678762
0.003389699259901048 0.9644435163766117
0.004517783212179067 0.9531627158947112
0.005645050800278649 0.942392643477871
0.006771463248028862 0.9321090843133517
0.007896993249104997 0.9222949071468316
0.00902162169479004 0.9129314879438926
0.010145335459358603 0.9040022975651197
0.011268125938316694 0.8954889886232955
0.022445135973526903 0.8302156838202767
0.03353348281143 0.7931716207975249
0.04454160364906639 0.7762073924631571
0.05547844484159193 0.7738990775646984
0.06635224479001742 0.7825488016243326
0.0771702812455493 0.7995817227513939
0.08793888581048866 0.8231691642722375
0.09866353873092032 0.8519903818685818
0.10934898008127794 0.8850759964052387
0.21473682939546979 1.352367181423679
0.318641194906013 1.966711288359884
0.42183825474232645 2.697748243318174
0.5246423506384539 3.5464139719371772
0.627205210278036 4.518951960331976
0.7296091872027872 5.623171811447859
0.8319029040202386 6.8676414381180315
0.9341169420245312 8.261466110278102
1.036271510266287 9.81421592744609
2.056342781078132 36.49897325531808
3.0754995214781222 92.945646408965
4.094396508415842 196.81279984448858
5.113183801405628 372.10721814210734
6.131914523465827 650.6154740386786
7.150612260330241 1073.532565665165
8.169289083945568 1693.2986757387498
9.187951815276639 2575.658285826841
10.206604590018966 3801.965169561519
15.299788116244509 19378.071424699912
20.392910481002477 70041.88837853157
25.486008125046485 204658.1245573991
30.57909337864723 516243.7951464156
35.67217154383266 1.168131262818542e6
40.76524518906499 2.4300934836267983e6
45.85831587957996 4.726728602877107e6
50.951384390187464 8.70067747449256e6
56.04445135655296 1.5293544978283064e7
61.137517299011684 2.584769293412722e7
66.23058215307896 4.2232418081808865e7
71.32364655123808 6.699823072954209e7
76.41671031678469 1.0356367806025773e8
81.50977362887686 1.5643875705778646e8
86.60283657734485 2.314903281549205e8
91.69589916195152 3.3625430199592376e8
96.78896152572106 4.803007801879664e8
101.8820236329156 6.756575320915135e8
112.06814744901435 1.283707551405998e9
123.27288302455246 2.4629627011663666e9
135.5980914783169 4.770841744022356e9
149.1558202490052 9.327556152225307e9
164.06932102952356 1.8401988177022564e10
180.47417181820276 3.6624457949036896e10
198.51950860624697 7.351426872042041e10
218.36937634369804 1.487822000062766e11
240.20423193263196 3.035224551766764e11
264.2225709224661 6.239860791242043e11
290.6427453089003 1.2923598046680786e12
319.704937019222 2.695880767521729e12
351.67334809742545 5.662509885502309e12
386.8385990509699 1.1972791901014006e13
425.52037368855844 2.547679815234479e13
468.0703280362577 5.454302576077705e13
514.8752796939913 1.1745432547796769e14
566.3607195966828 2.543526498679954e14
622.9947074872812 5.537586725629655e14
685.2920952174169 1.2117682336467565e15
753.8192180774963 2.6646193719599055e15
829.1990571840539 5.886582343116261e15
912.1168794306487 1.3061993721608972e16
1003.3264770901734 2.9105504500017496e16
1103.6570413197617 6.51156410902157e16
1214.0206603658578 1.462283526732628e17
1335.4206649194934 3.295535310813285e17
1468.9606203499357 7.452766072034209e17
1615.8545721373453 1.6908692443503626e18
1777.438011459233 3.8475083952780063e18
1955.1796943520342 8.781044522698084e18
2150.6955796533066 2.0093871800467743e19
2365.763056977449 4.609937805016301e19
2602.337272111809 1.060199263747517e20
2862.5688923691673 2.4445079969900888e20
3148.8235972205684 5.644362990526543e20
3463.703985744003 1.3065714810759912e21
3810.0722984768563 3.029739150278955e21
4191.077571903342 7.037939039093132e21
4610.183088186288 1.6376535294698597e22
5071.199273007525 3.81671222504537e22
5578.317148927967 8.910273691703249e22
6136.146992733929 2.0817693548061466e23
6749.759763020838 4.86981207140363e23
7424.733689448873 1.1409426167088e24
8167.205001474508 2.6753282289303013e24
8983.923369269965 6.28180661164346e24
9882.313354103115 1.4766616825106942e25
