1.1177030950141125e-09,1.0551273360136864
1.299129983855088e-09,1.0320793651268465
1.5100052565526657e-09,1.0393068452538112
1.755112188144249e-09,1.0784590084561794
2.040008727751798e-09,1.0232099290003789
2.371146996819893e-09,1.0376709333727008
2.756037049278743e-09,1.0306146841155528
3.203416184072482e-09,1.0482552288521136
3.723385111717034e-09,1.097196740386488
4.327770729041682e-09,1.1016035236378345
5.030267762644371e-09,1.1053379315906486
5.846793240923753e-09,1.022486335111073
6.795871360981495e-09,1.0368248122221606
7.898982089720978e-09,1.0426207131215184
9.181146440397001e-09,1.0578631529016551
1.0671479335722469e-08,1.0285224742555537
1.240368635638793e-08,1.0406901033359375
1.4417095424078797e-08,1.0426511709720634
1.6757313883944707e-08,1.0600961407188212
1.9477445525362477e-08,1.0279950403980203
2.263904748711869e-08,1.1125837418967568
2.63139025998713e-08,1.0535816800240607
3.058516405360669e-08,1.0408913506704973
3.554985275775585e-08,1.0261935348907218
4.132034713467923e-08,1.0718426930119447
4.802760046047399e-08,1.0258171895832513
5.582355114160936e-08,1.1222952004379103
6.488493152594485e-08,0.9622634961310655
7.541740092646905e-08,1.0556978333398235
8.765907238976765e-08,1.0481422794234265
1.0188823524836656e-07,1.0510100036425867
1.1842706573113356e-07,1.0853739567866514
1.376502477591877e-07,1.101187043641718
1.5999405058324367e-07,1.046424147074611
1.8596458762686944e-07,1.1032867188776696
2.1615081339907875e-07,1.1139940233565926
2.5123763611783734e-07,1.0364171860931548
2.920184506851934e-07,1.0711547834627129
3.3941936759504084e-07,1.0629068564678137
3.9451571823856386e-07,1.0440876818728595
4.5855421935689415e-07,1.0564945868443583
5.329884365028284e-07,1.0349176675044547
6.19505086419381e-07,1.0212296692297642
7.200622468827172e-07,1.0632163931701988
8.369444664567454e-07,1.161396329432625
9.727992747433423e-07,1.0317638047731823
1.1307044661458673e-06,1.0843043612579555
1.314242327165485e-06,1.0347689219004559
1.527572968717907e-06,0.9928892153559369
1.7755323508090859e-06,1.0465783419420298
2.0637430506282646e-06,1.0725209126351782
2.39873308257317e-06,1.0578905599471324
2.788098792441398e-06,1.0519885523817567
3.240668886921785e-06,1.0933615505606644
3.7667140222221786e-06,1.0785658238511266
4.378114980093576e-06,1.0478516976651029
5.0887864693850606e-06,1.0750777587964861
5.9148061686506475e-06,1.0553525912843111
6.874904129068766e-06,1.041772878740413
7.990835813743694e-06,1.0214424753198692
9.287921989261626e-06,1.013377186692766
1.0795524750212566e-05,0.9814676212046048
1.2547839966246887e-05,1.0345839135442378
1.4584641964271272e-05,1.0159043866442539
1.6952041024183528e-05,1.0446627836538538
1.9703834567188704e-05,1.0749772429807725
2.290221391990501e-05,1.0452936853759047
2.661984971115798e-05,1.0321499146653839
3.094095297774171e-05,1.0766981945036227
3.596351895273857e-05,1.0331431748299054
4.1801398360936924e-05,1.032819986700163
4.858687197700122e-05,1.1137745355131645
5.647398684089866e-05,1.056787206938408
6.564143779672318e-05,1.0140378599151734
7.629710050189468e-05,1.1331578487450427
8.868270852205708e-05,1.0815624019536973
0.00010307924606107639,1.0839899001550124
0.00011981257334583343,1.101425598151898
0.0001392634462509362,1.1414308379132472
0.0001618717322034883,1.2016331996329481
0.00018815110258119726,1.1724398932502353
0.0002186873608152512,1.2063911667819571
0.00025417383905063464,1.228186642228955
0.00029541705730938924,1.3355839006244996
0.00034334714450735625,1.2828480063228076
0.00039909670835959655,1.420009735218145
0.0004639052283613345,1.5604732394059857
0.0005392149248480717,1.6461931527731493
0.0006266682003354502,1.6556007577641993
0.0007283953221781677,1.8355158255500397
0.0008466827382608382,1.9424356057949623
0.0009839549096772099,2.2173021813623635
0.0011437929421640645,2.5391577910545053
0.0013293348535566491,2.6796426510738587
0.0015449270475300278,3.148267308270977
0.0017956985787360795,3.396472849100347
0.002087302036489166,3.5952614041762607
0.002425805315259838,4.338813527731947
0.0028190037333663616,4.681197261084785
0.0032765043741216048,5.380046014587369
0.0038077228640787135,6.361859919574142
0.004425253041914603,6.886209362105676
0.005142591352940545,7.70488463755761
0.005975882707235217,8.110049415813496
0.006944443822599606,8.964777759773419
0.008069355497136142,10.45274573793163
0.009375332917895532,11.182120697980112
0.010890998161064152,12.562509853190532
0.0126522903295658,13.328171964261365
0.014696347709726118,14.157783302102981
0.017067518380919612,14.726014210522207
0.01982349567028766,16.644045973556853
0.02301620285180749,16.84917537954186
0.02671949041577079,16.952311129603306
0.0310137896641789,16.62439587683561
0.03598681593001062,17.677473220338516
0.04175554081475396,17.344524582462295
0.048433002922429066,18.357924872887423
0.05616825810207714,17.2718939223686
0.06512219578333574,17.53204860802817
0.0754847131521955,18.724200721260413
0.08748136833122558,17.64086658505292
0.1013579864927412,16.810071412127463
0.11741058284989823,18.226861200408745
0.1359826268818562,17.547454139065543
0.15748481580286589,17.754946469503295
0.18236623898290905,17.29991145701089
0.2111674867542827,17.515711060066447
0.24451622821325417,18.118384645357857
0.28316438005263467,17.5808106726016
0.3279291517981382,17.88786802426305
0.379835666199003,18.338062070414555
0.4400291448448412,19.68677971884935
0.5098443656824725,21.110183142568957
0.5908744452317255,20.193817666563824
0.684918429653115,22.55553598215946
0.7940926763290482,25.79423313064803
0.9208841978218587,28.440061777606054
1.0681236773345237,32.475601800767166
1.23919392836914,37.290757088684565
1.4379119711831776,45.77099583012305
1.6688182044694784,51.42263013998086
1.937113966283644,68.21814334398067
2.2489075550845397,81.53773400604794
2.611231309649272,108.81883087424698
3.0323384310311217,147.6993625204736
3.521737883550743,197.62662782041681
4.090526034060655,289.81916522981123
4.75161655942236,415.87840403430795
5.519996612477574,615.9481521574914
6.413050960193583,924.1213749176673
7.4510373695015355,1501.9047652489126
8.657502080682281,2358.079774055021
10.059769631674119,4152.138682475096
11.689669429572698,7544.652859766963
13.58409669530469,13114.208758689101
15.786034327558628,23948.31117295284
18.345371394127135,46276.169373884244
21.320132355828036,90410.91649991812
24.777761189789206,198847.49730296535
28.79662603993014,408712.1022096109
33.46787028254048,831522.7034637993
38.897350134642366,2115038.210515307
45.20813546086514,4482876.911165104
52.54328746901327,10593452.76054284
61.06912343154361,27140778.26794245
70.97892484162604,67380770.7127876
82.49723297348226,165249318.32311013
95.8852331657232,444453874.1382979
111.44649106105547,1253866227.7030475
129.53351198509728,3379647490.5996976
150.5566079107534,9661665908.494106
174.9921341923039,29221405757.216724
203.3941671374057,91103557309.81241
236.40646542026406,280345037134.5989
274.77740719792763,806426288703.4963
319.3768122155888,2819060829815.555
371.2154795205809,8990969995114.006
431.469225583341,29102541595178.832
501.5032207617475,95475538881291.38
582.9054664063307,333949751337136.4
677.5207881212904,1146919652348822.2
787.4944891397305,3898727088331147.0
915.319382377923,1.3796024487859436e+16
1063.8931592832232,4.810210060675718e+16
1236.5837181113677,1.6866959887946768e+17
1437.305926912875,5.86056430684366e+17
1670.6098224959258,2.18311192709502e+18
1941.7842155212327,7.849380350463721e+18
2256.976273931645,3.0760560052392636e+19
2623.334822665901,1.1463579897404072e+20
3049.1533992640143,4.4320828246787595e+20
3544.0965442933225,1.605998266284033e+21
4119.37966935748,6.272852211290632e+21
4788.044779414781,2.2657124757105937e+22
5565.247146366324,8.958388526993298e+22
6468.610402753516,3.370406447825107e+23
7518.6077137423135,1.2525935444225178e+24
8739.022818135816,4.771352046172508e+24
10157.586967521995,1.8855266617699734e+25
