1.130164330388135e-9 1.0035792501044298
2.2604880935048415e-9 1.0035843259569859
5.0863448283919926e-9 1.0035833019552047
7.91213708167726e-9 1.003583433474531
1.0737733538467008e-8 1.003583494538933
1.3563680234237269e-8 1.0035836609703297
4.1820888760331335e-8 1.00358502286286
7.0078159078462e-8 1.0035951048929252
9.83354461982001e-8 1.00359728844837
1.265928911866862e-7 1.0035992849036035
4.0916619894073367e-7 1.0036371365995864
6.917400191474073e-7 1.0036847131888271
9.743128150601533e-7 1.0037588621877047
1.256886032242833e-6 1.003797459920207
4.082617288025775e-6 1.0045578859241138
6.908346368608362e-6 1.0054904841539716
9.734073343617372e-6 1.0065561052027825
0.000012559797987267725 1.007741498872278
0.00002386267318154231 1.013020395878925
0.000035165511800167066 1.0190360304190753
0.00004646831360620123 1.0256073764270743
0.0000577710786095783 1.0326351526680475
0.00006907380525001949 1.040037214567841
0.000080376494922622 1.0477759036739438
0.0000916791464255111 1.0557923059142413
0.00010298176019336761 1.0640665225979473
0.00011428433581722661 1.072569513032594
0.00022730792522292743 1.167599633508391
0.0003403274235696219 1.2751971431935993
0.0004533426104620946 1.3912081738592768
0.0005663532741283356 1.5133960436215375
0.0006793592245558 1.6403155836624272
0.000792360256679186 1.770826348884341
0.0009053561953251489 1.9042165003419793
0.0010183468611086378 2.039854465532553
0.0011313321107753436 2.177191475010611
0.0022608548147797715 3.5762326111509584
0.003389699259901048 4.91193581281352
0.004517783212179067 6.121857924513539
0.005645050800278649 7.193079254729701
0.006771463248028862 8.131330202153235
0.007896993249104997 8.948937556971757
0.00902162169479004 9.659814957895069
0.010145335459358603 10.277538695298153
0.011268125938316694 10.814534964713744
0.022445135973526903 13.532282153436276
0.03353348281143 14.168867006728794
0.04454160364906639 14.169818479853447
0.05547844484159193 13.951373864760741
0.06635224479001742 13.660434758623929
0.0771702812455493 13.355301312383885
0.08793888581048866 13.060266169630117
0.09866353873092032 12.785097785845585
0.10934898008127794 12.533776097823559
0.21473682939546979 11.110821613457952
0.318641194906013 10.838381867031552
0.42183825474232645 11.120340059877499
0.5246423506384539 11.74443980298553
0.627205210278036 12.623698136642108
0.7296091872027872 13.719051526950684
0.8319029040202386 15.012970542392067
0.9341169420245312 16.498878074805695
1.036271510266287 18.17635035634988
2.056342781078132 47.068538422564124
3.0754995214781222 106.72382349742783
4.094396508415842 214.60284174394056
5.113183801405628 394.7481252231916
6.131914523465827 679.033040204645
7.150612260330241 1108.7592517825196
8.169289083945568 1736.4843871708701
9.187951815276639 2628.0772397144815
10.206604590018966 3865.0210116732264
15.299788116244509 19520.127926468987
20.392910481002477 70318.68744988735
25.486008125046485 205141.09440710215
30.57909337864723 517013.3095799885
35.67217154383266 1.1692619952652797e6
40.76524518906499 2.4316286905874675e6
45.85831587957996 4.728639589914251e6
50.951384390187464 8.702803971016863e6
56.04445135655296 1.5295510846086571e7
61.137517299011684 2.5848791961351622e7
66.23058215307896 4.223146244201468e7
71.32364655123808 6.699335494198871e7
76.41671031678469 1.0355209051474506e8
81.50977362887686 1.5641642714928007e8
86.60283657734485 2.3145160034634537e8
91.69589916195152 3.361914274682035e8
96.78896152572106 4.8020334303961927e8
101.8820236329156 6.755117871314582e8
112.06814744901435 1.2834063557617302e9
123.27288302455246 2.462351459568115e9
135.5980914783169 4.769614355049968e9
149.1558202490052 9.32510576342537e9
164.06932102952356 1.8397105861064102e10
180.47417181820276 3.661473044497911e10
198.51950860624697 7.349485292467723e10
218.36937634369804 1.4874335998326266e11
240.20423193263196 3.0344449009978516e11
264.2225709224661 6.238289762258755e11
290.6427453089003 1.2920417599413289e12
319.704937019222 2.6952339292326465e12
351.67334809742545 5.661188167567101e12
386.8385990509699 1.1970077912520049e13
425.52037368855844 2.5471205543321957e13
468.0703280362577 5.453142208984112e13
514.8752796939913 1.1743016238825844e14
566.3607195966828 2.5430208811053512e14
622.9947074872812 5.5365235768373506e14
685.2920952174169 1.21154389320981e15
753.8192180774963 2.664143500762449e15
829.1990571840539 5.885568115473285e15
912.1168794306487 1.3059828090081406e16
1003.3264770901734 2.9100857694750584e16
1103.6570413197617 6.510563418094385e16
1214.0206603658578 1.4620672244122234e17
1335.4206649194934 3.2950661191190106e17
1468.9606203499357 7.45174488268148e17
1615.8545721373453 1.6906462525261335e18
1777.438011459233 3.8470208861171267e18
1955.1796943520342 8.779976568634647e18
2150.6955796533066 2.0091519694918463e19
2365.763056977449 4.6094193168510026e19
2602.337272111809 1.0600845644631409e20
2862.5688923691673 2.4442540624809453e20
3148.8235972205684 5.643799567593844e20
3463.703985744003 1.306446163968918e21
3810.0722984768563 3.029459547718627e21
4191.077571903342 7.037315959610353e21
4610.183088186288 1.6375142252348434e22
5071.199273007525 3.816400517913104e22
5578.317148927967 8.909574513221311e22
6136.146992733929 2.081612527058233e23
6749.759763020838 4.8694596286098784e23
7424.733689448873 1.1408633303273002e24
8167.205001474508 2.6751500129510676e24
8983.923369269965 6.281406061520541e24
9882.313354103115 1.4765714755228768e25
