1.7157763482573057e-09,1.0196823417301402
2.134862634669759e-09,0.99984024521459
2.6574217224101883e-09,0.963845499774215
3.306523619493432e-09,1.076334849622286
4.114910017932541e-09,1.0319350553578197
5.122184022553223e-09,1.0799214341920715
6.374160787727082e-09,1.0281025218781537
7.933848482780844e-09,1.0380558695524569
9.87721599622851e-09,1.016912995379477
1.2294656455618766e-08,1.009014919835074
1.530560470838863e-08,1.0078112571103548
1.9054601805285525e-08,1.080211523727684
2.3720285928498533e-08,1.0455253059179692
2.9540322461953262e-08,1.0156871854045515
3.67762892991763e-08,0.9920316164505376
4.5788477659771376e-08,0.9787788261519152
5.702378090788188e-08,1.0330687596147146
7.099905939004574e-08,0.9199564638928848
8.842832846070854e-08,1.0181696912672817
1.1013705381730185e-07,1.0115616089207098
1.3714868683754907e-07,0.9673586700942288
1.7084781070022434e-07,0.9769296255511839
2.1282799663627963e-07,0.9792077126129015
2.6514466913357074e-07,1.0582168271740156
3.302732893236102e-07,1.0429288785045787
4.1151656216873626e-07,1.0110240811847695
5.127818073093388e-07,1.0280309016999474
6.391014035555474e-07,1.0068429733573974
7.965346245018402e-07,1.0254841423823313
9.927890831631427e-07,1.0328024960279063
1.2373957739136866e-06,1.0523549457737453
1.5426368952663651e-06,1.039011653240883
1.923457575952311e-06,1.039918108861763
2.398463518998292e-06,1.038025428027947
2.991029867477627e-06,1.0514972904354913
3.7312586734460116e-06,1.0036215557676307
4.654697395198294e-06,1.0301880871170865
5.80749465432877e-06,1.084075084018144
7.246451532374576e-06,0.9679007857660782
9.043371571097981e-06,0.9949589954980804
1.1288568421156402e-05,1.0438917484106782
1.4093723219292234e-05,1.0130211176213142
1.7596981184301477e-05,1.0738578340010023
2.1977321468429235e-05,1.073805745780338
2.745286465911812e-05,1.061940547567035
3.429947404173766e-05,1.1247986794645017
4.2863781151666984e-05,1.1137134182459338
5.3576918460219734e-05,1.178834736212339
6.697924415633626e-05,1.249143784127188
8.37557803929376e-05,1.296257823936452
0.00010476791716389832,1.3256031744999504
0.00013108021169363045,1.5174638515375656
0.00016404039667115324,1.6595121671274078
0.00020534527361287366,1.838547114334597
0.0002571108530467687,1.9881039537117533
0.00032203439800648477,2.585166088332441
0.0004034440415328819,2.9328038457717116
0.0005056078957966992,3.453542818339758
0.0006338261478235155,4.392327398609603
0.0007948407741655379,4.731016116078531
0.0009969500336999256,6.0249568938883264
0.0012507834143272271,7.024295899362682
0.0015697416609440412,8.895115692396178
0.0019705065398397917,10.521507615834677
0.002473990699032663,12.68240900010583
0.003106434543512088,14.118210521408738
0.003901182546959912,15.416304231642242
0.00489863819424959,16.294575388446187
0.006151106158738155,18.058830680384844
0.007720825182860287,19.576090739129267
0.009687048918686287,19.712900741911273
0.012144810789230395,20.848660882884616
0.01521252751598524,22.523899094159912
0.01902882842506016,21.131313381047846
0.023761815947171323,21.963326359509782
0.029609772997407045,20.813189046963686
0.03679689224686421,22.069333124034397
0.0455886241048207,20.936815837605106
0.0562747346712952,20.09485325406388
0.0691888131020799,19.837622821934175
0.08469653888299478,19.272594970385175
0.10321743086711446,18.676060293627597
0.12523954692022934,19.16055661721759
0.1513346741183991,17.962077744324997
0.1822131506307096,16.442266438845387
0.2187568806938949,17.557215646860964
0.26207785443536247,16.776315973018228
0.3136116003541285,16.860474742453917
0.375153852554797,18.47052917971942
0.44902221671125736,18.250668344710387
0.5381110458738856,19.095196015593505
0.6460796463511936,20.770374559241365
0.7775053385872801,22.281145485470933
0.9381232290715341,25.432485584863134
1.135038318336348,31.47420338048491
1.3770911535724224,37.427110723229404
1.6752499139130983,44.73585616675004
2.043046088069319,61.057560479914436
2.497440404076781,85.38859807104664
3.0591425725046926,122.44968968516308
3.7539752580223706,192.95631396042396
4.613899729874847,312.2418949515245
5.678528262006037,521.2104742319145
6.996877346775002,964.5105775897765
8.629763533287651,1902.1531511935618
10.652544003724696,3993.7719097190375
13.158656859396167,8364.431649200957
16.263978408624038,20146.56034989442
20.112193824159448,53536.62397932641
24.881718427511718,137321.7823139529
30.793757258693,395084.54959108046
38.12302071521974,1193347.961073743
47.210604636660364,4101956.695317111
58.479993101601565,13687713.62251406
72.45757354026195,50091827.60059809
89.79713814479518,200526594.4069408
111.31104207700642,807607567.2127434
138.0093495681602,3640228138.0961285
171.14723152801628,17246646121.8764
212.2854198144081,78473466077.62477
263.3643695354224,388581045749.16815
326.79668978249725,2088033581115.5623
405.58260556446885,11085049408523.719
503.45374996141265,59683388528479.31
625.0497738970937,360406414108365.5
776.142415211131,2108501063295128.2
963.9095007056966,1.2086722489354492e+16
1197.2794401612118,8.566060812711565e+16
1487.3584373635952,5.198412966319319e+17
1847.959357144013,3.374863440783545e+18
2296.267007644623,2.154140940440309e+19
2853.655831658799,1.4796283449664363e+20
3546.717690437439,9.918778144645955e+20
4408.530470144851,6.822360278199999e+21
5480.247915414289,4.5823119247131875e+22
6813.064729981638,3.139014520551084e+23
8470.657120416134,2.1800769757186705e+24
10532.275199624766,1.581924178018003e+25
