[ 2.99847457e+00  9.85593066e-01 -2.34600292e-04  2.71062036e-04]
[ 2.98307283e+00  9.84089710e-01 -3.92445796e-05  2.37063806e-04]
[ 2.99779714e+00  9.87841558e-01 -1.49620993e-03 -3.45684953e-04]
[ 3.00091558e+00  9.84596111e-01 -1.14992399e-03  2.88908661e-05]
[ 2.99992348e+00  9.86695301e-01 -9.33979510e-04 -3.48822496e-05]
[ 2.99935875e+00  9.86363104e-01 -8.38362260e-04  1.22864560e-04]
[ 2.99928166e+00  9.85394910e-01 -1.55100623e-03 -5.73582815e-05]
[ 2.99096276e+00  9.86875405e-01 -1.10671615e-03 -6.61707957e-05]
[ 3.00603833e+00  9.83083431e-01 -1.52234185e-03  1.70543855e-04]
[ 3.00172646e+00  9.88921527e-01 -1.12130095e-03 -2.08734596e-04]
[ 2.97562283e+00  9.85003170e-01 -1.89859474e-04  1.09230271e-04]
[ 3.00141235e+00  9.86988253e-01 -1.84333410e-03 -2.66594654e-04]
[ 2.99608165e+00  9.90509763e-01 -1.71565304e-03 -5.63973335e-04]
[ 3.00520588e+00  9.85582103e-01 -1.74433343e-03 -1.97810801e-04]
[ 2.98354428e+00  9.86149977e-01 -1.44049061e-03 -3.13903295e-04]
[ 2.98322860e+00  9.85060224e-01 -8.39982838e-04 -3.69031573e-05]
[ 2.99711049e+00  9.85625804e-01 -1.21717710e-03 -6.67849592e-05]
[ 3.00445087e+00  9.90344711e-01 -1.40561874e-03 -3.35669398e-04]
[ 2.99286162e+00  9.85458399e-01 -8.59834725e-04  2.60860042e-05]
[ 2.99038936e+00  9.87184850e-01 -6.47153718e-04 -1.38214394e-04]
[ 2.99145642e+00  9.89451090e-01 -1.62921907e-03 -4.76364048e-04]
[ 3.00080237e+00  9.87579396e-01 -1.72893750e-03 -2.10186209e-04]
[ 2.99662871e+00  9.88402859e-01 -1.03840606e-03 -1.89483819e-04]
[2.97820153e+00 9.85833068e-01 3.00212321e-05 1.00231786e-04]
[ 2.99576036e+00  9.89114310e-01 -1.19943433e-03 -2.26884989e-04]
[ 2.99470487e+00  9.88213115e-01 -5.77563930e-04 -1.21480318e-04]
[ 2.98900574e+00  9.86202933e-01 -4.54580384e-04  3.47672361e-05]
[ 2.99128280e+00  9.84264729e-01 -8.02033040e-04  1.75241052e-04]
[ 2.99881107e+00  9.89013911e-01 -1.34831637e-03 -3.36139643e-04]
[ 2.99216374e+00  9.86502900e-01 -6.24778681e-04 -4.82751513e-07]
[ 2.98963211e+00  9.84825439e-01 -4.98398802e-04  1.39778281e-04]
[ 2.98737723e+00  9.86637773e-01 -5.36657704e-04 -3.88168318e-05]
[ 2.98709628e+00  9.88282734e-01 -4.72441449e-04 -1.00389829e-04]
[ 2.99041636e+00  9.84963674e-01 -9.56749096e-04  1.30902099e-04]
[ 2.99336814e+00  9.85748124e-01 -4.94318611e-04  1.87948585e-04]
[ 2.99018675e+00  9.88699668e-01 -3.31419950e-04  1.94037371e-05]
[ 2.98985329e+00  9.88991361e-01 -1.20092258e-03 -4.08703392e-04]
[ 2.98979108e+00  9.83591149e-01 -5.12145701e-04  3.25888750e-04]
[ 2.99951176e+00  9.89537519e-01 -1.29514545e-03 -3.52004225e-04]
[ 2.99860810e+00  9.89075636e-01 -1.38288331e-03 -2.48449801e-04]
[ 2.98828979e+00  9.84821926e-01 -2.48515537e-04  1.95504633e-04]
[ 2.99078299e+00  9.88771057e-01 -5.06369468e-04 -1.78909433e-05]
[ 2.98265898e+00  9.82143680e-01 -3.05516612e-04  4.23111111e-04]
[ 2.98723191e+00  9.85717488e-01 -4.21481420e-04  3.10018556e-05]
[ 2.98858311e+00  9.85376482e-01 -6.21676880e-04  2.17140197e-05]
[ 2.98638960e+00  9.86527193e-01 -3.62635782e-04  7.73935879e-06]
[ 3.00098602e+00  9.84657184e-01 -7.84394232e-04  1.73201291e-04]
[ 2.98836470e+00  9.89297025e-01 -7.52172085e-04 -3.06064870e-04]
[ 3.00414868e+00  9.84265612e-01 -1.23207524e-03  1.61518779e-04]
[ 2.99544103e+00  9.86566392e-01 -1.41863162e-03 -1.32252352e-04]
ln10As std:  0.007001020816898878
ns std:  0.0019675703731015693
alphs std:  0.0004962507920375893
betas std:  0.00021608804100519405
