1.083102769605937e-09,1.0688304468946679
1.3475974400445209e-09,1.0725482379609612
1.6766822418500574e-09,1.0509053207395351
2.0861295532212154e-09,1.0638534756529672
2.5955642662189598e-09,1.051494649055861
3.2294033942364763e-09,1.0315081469304872
4.018026607262396e-09,1.0472757837944067
4.999232317939708e-09,1.0412579346474793
6.220049345352617e-09,1.0357092276685966
7.73898826531888e-09,0.9583039616883142
9.628856157870744e-09,1.073939665586749
1.198023148826036e-08,1.0865230551301923
1.490581478722336e-08,1.0155932363291413
1.8545828155998403e-08,1.0149670425021553
2.307473605853548e-08,0.9237311171628078
2.870962754047021e-08,1.0419416395678833
3.572054437538092e-08,1.066431156139297
4.444353338955812e-08,1.0206439618403482
5.52966744111026e-08,1.0040294925689084
6.880015981332263e-08,1.0512587789869736
8.560125065493032e-08,1.061147101663165
1.0650492792271665e-07,1.0549146612393627
1.3251389968063737e-07,1.0480527100109183
1.6487368043235992e-07,1.00326037919051
2.051360526049994e-07,0.9981338043975111
2.552303697105424e-07,0.9945446759438157
3.1755785301744834e-07,0.9874252763686632
3.951056929067408e-07,0.9790495609432431
4.915911118643927e-07,1.0129077587377986
6.116382017324988e-07,1.016666360433719
7.610010539331142e-07,1.0137498296228442
9.468380066613722e-07,0.9697197042585055
1.1780566646285284e-06,0.9943881874598017
1.4657383341341098e-06,1.0678169240390165
1.8236725492721844e-06,1.0140630966775703
2.269014896756236e-06,1.0343603991319081
2.8231121618492446e-06,1.0199604234309096
3.5125159092641445e-06,0.9781776290964136
4.370278049330417e-06,0.9936594613043368
5.437498354137401e-06,1.021604431300961
6.765347524978003e-06,0.982973664761014
8.417440811028688e-06,0.9805191901593794
1.0473003098642361e-05,1.0345352818656381
1.3030511026354436e-05,0.9732804885686616
1.6212595461415636e-05,0.9794473932425777
2.0171701442315307e-05,1.052678978788638
2.5097624430060437e-05,1.0443616164815648
3.1226594253486956e-05,1.022325460353676
3.8852091411357745e-05,1.044244767757727
4.833981644020331e-05,1.0303515893921655
6.0144553310627255e-05,1.0962968360809286
7.483192470523326e-05,1.0261192892359898
9.310600883792564e-05,0.9770241312848359
0.0001158426506240308,1.0524299039947809
0.00014413100853899778,1.0936244206648849
0.00017932750172609498,0.997821845300135
0.00022312203620789762,1.057223391956731
0.00027760934110736756,1.0635446293763064
0.0003454022005289645,0.9911344055567521
0.0004297534111901859,1.0907322602150922
0.0005347009674876827,1.1511380863090022
0.0006652901941496868,1.14596232969141
0.000827755821946336,1.14716001923574
0.001029921232259249,1.1431011704095684
0.0012814468475794887,1.2494106881253129
0.0015944174649282468,1.1751589340387274
0.0019838188593884693,1.302119052629211
0.0024683479149349083,1.376171669924129
0.0030712504143447714,1.3968670030538477
0.003821479411652097,1.476468364601322
0.004754981002435408,1.4261094843559483
0.005916608037547896,1.463885849727682
0.007362251399519484,1.618279021469904
0.009161406175366711,1.5209234265963552
0.011400439039256903,1.6869252374111903
0.014186985463731698,1.686215358508047
0.017654991359790654,1.7253689787756326
0.021972640119078315,1.8081603236589994
0.027346849792930703,1.6924319068418545
0.034038470600623996,1.8276294117026763
0.04236879986366296,1.8274834882106719
0.05274143382770967,1.684782949013325
0.0656566167157145,1.7535702390790737
0.08173871584476937,1.6777541004921959
0.1017630263572674,1.77397456132948
0.1266962561985433,1.7852218736249537
0.15773806278903857,1.8010264853631244
0.19637653597243246,1.7575130899512985
0.24445931854621086,1.7707610176915602
0.3042806226331165,1.6956089917200334
0.37869198606713816,1.7614037360196304
0.4712289852910083,1.6893987771586207
0.5862872173059619,1.800542768799923
0.7293206803618439,1.9343474934730762
0.9071240564112775,2.046751009411051
1.1281390619476825,2.385296043771942
1.40289007770593,2.5164865468667093
1.744467742460311,2.756678886304955
2.1691660847736727,3.1197832198856976
2.697289065934539,3.7231038131009724
3.354086809120837,4.49315674679449
4.170998267725747,4.922487427504571
5.18714395057772,6.928630926677517
6.451200880792075,8.497429529417222
8.02372789926362,10.86820778331551
9.980069503885144,14.133541841621206
12.413991623090881,20.52381600325211
15.442124343816019,27.29737716380875
19.209588449559824,39.68317343625692
23.896944790497077,60.562041262796555
29.728822136238026,89.7891269763427
36.984743766103506,133.93430555961544
46.01241852125992,216.11569824759687
57.244516436278545,332.2961506683682
71.21932743211663,549.3373545154316
88.60679786978493,915.1605834695222
110.23996567263104,1543.7342166789715
137.1558927684439,2624.262272522236
170.64446312157781,4464.234688531323
212.31147935357964,8375.218875045135
264.1525204198863,14306.160490567421
328.6533727208363,26278.908509556142
408.90556367297665,47904.244858205384
508.7563297868954,87871.59842364652
632.9923560541388,163337.96232897966
787.568773183087,297264.4014624103
979.8964640134755,533894.9009746182
1219.196853432443,1004612.1532349294
1516.9438889005503,2027250.543570769
1887.4158716717768,3441525.5166329285
2348.3786157846635,6672383.970141207
2921.9434329668584,14171030.791802194
3635.6200959675266,25738956.108300515
4523.645908995614,45566480.40954841
5628.643958753077,89068365.48657532
7003.629931677441,174397937.32790124
8714.682906797394,338285256.5505549
10843.733813940167,685661038.9370842
