1.7582235559199704e-09,1.0226544339423767
2.1908324942820486e-09,1.0111123129116923
2.730410153604941e-09,0.9240752980734868
3.4029412038978175e-09,1.0686548865594838
4.2408264515101926e-09,1.00322635635316
5.28712484468907e-09,1.0425771986977506
6.590451865949386e-09,1.0282318459215842
8.215137328244076e-09,0.9733367728526893
1.0241844199377704e-08,1.0107918178023663
1.2767344907473809e-08,1.0228835046618863
1.592025259101758e-08,0.9906562467640786
1.9850904591257743e-08,1.0274522655649558
2.4757431460915168e-08,1.0006980532205527
3.087617379740139e-08,1.023555194234243
3.8509135944372555e-08,0.9921272621598735
4.803918115173576e-08,0.9926440879867493
5.992554544326716e-08,0.9790379684750811
7.476216954991024e-08,0.9777900483007815
9.328460415083699e-08,1.0144835388007225
1.1640951006991694e-07,1.0764662603258832
1.4528964720085477e-07,0.9727458602067033
1.813533062711619e-07,1.0700595780022164
2.2638754623942503e-07,0.9934181917483067
2.826642811142122e-07,1.0111667845559313
3.5295513953894187e-07,0.996190564963919
4.407978603266484e-07,1.0556371515293124
5.505863822266405e-07,1.0220031799731482
6.878345412079905e-07,1.0010676264760594
8.59462840824354e-07,1.0344049558725263
1.0740655339100008e-06,1.0425898839003918
1.342523935557391e-06,1.0103756849402183
1.6784118630013034e-06,1.042542320169926
2.0987030099438947e-06,0.9943502249961736
2.6249355778161127e-06,1.0117002258387906
3.2837200219548155e-06,0.982461624205082
4.108800307228073e-06,0.9396542798780201
5.1425072854469975e-06,1.0595417353380927
6.437865712491e-06,1.0311301736294356
8.06167368354069e-06,1.0149086421037128
1.0098011687534875e-05,0.9841358371883161
1.2652241270585718e-05,1.013182679008818
1.5857132014523432e-05,0.9792552082801399
1.9880299547610887e-05,0.9838827717133327
2.493322930773955e-05,0.9946112904782214
3.128052292225411e-05,1.0256396587141257
3.925950729789239e-05,0.9791254275461463
4.929114290867501e-05,0.9840735672445897
6.19105969378577e-05,0.9475035631095708
7.779521499107259e-05,1.033205213171968
9.779707825082922e-05,1.0548803466336871
0.00012299976194507484,0.9728715127109429
0.0001547671236921276,1.0346869026008054
0.00019483755912127248,0.9939631210135026
0.00024540489110800044,1.0119305540588968
0.0003092674699542903,0.9804493545875665
0.00038996022164691145,0.972449685316964
0.0004919856094338831,0.9862262466057836
0.0006210624823161439,0.9765011727369138
0.000784465831912075,0.9399429027880206
0.0009914517505019648,0.9932553497068621
0.0012537770152241988,0.9701529441232466
0.0015864334508791443,0.930608811082182
0.0020084872123202592,1.0011606976818437
0.0025441445594923647,0.9953572722195887
0.0032241773128208933,1.0048741433182402
0.004087443482171797,0.9124947281270667
0.005183271351917495,0.9851646916551893
0.006573504713839083,0.954522586172341
0.00833572618738297,0.8992600082826687
0.010566131466001487,0.8733012315127983
0.013383777121352573,0.9208843108703183
0.016932361621015864,0.8400572775682151
0.021384667740856265,0.8460856206444415
0.0269473465401338,0.8247377354046185
0.03384798679417856,0.8294915410376285
0.042360868331253056,0.7686139954444557
0.05276454981639853,0.7484655289869946
0.0653677749056928,0.7883687698419312
0.0804886740739975,0.8034675748539859
0.0984687823847365,0.8542938301989207
0.11965457056709725,0.925483073915594
0.1444416278816503,0.9841587580829496
0.17329763893140215,1.0116282329850035
0.2068009585275661,1.150755889318961
0.24569032609083002,1.3586265934646484
0.2909358000140512,1.5850161636325444
0.3437773842335105,1.874661554077899
0.4058520135430719,2.2490274956158167
0.47923362694920346,2.800298593131355
0.5665959265654699,3.4243008727668336
0.6713340807488924,4.160747171618524
0.7976997658007373,5.19958598266064
0.9510053789755194,7.224700549454309
1.138349146917135,9.273332054510691
1.3678823544499765,12.683899551616461
1.6502734082291224,17.691831782148775
1.9987300319021675,27.308341361081773
2.4296163265092163,41.47461150994848
2.9635327256058055,63.98122082141321
3.6257411537531743,103.58280814895134
4.447948901588384,185.52190453211307
5.469403679136019,327.5977164050069
6.739065191215777,615.7831540837176
8.317714874703569,1239.0562893651413
10.280965131964805,2560.0326572620625
12.722948506443855,5823.709384878312
15.760647349361427,14102.722742480562
19.53966862782213,33270.40371414469
24.241122805219266,90434.18799779496
30.090313444467608,271643.45423287235
37.36781285478682,738707.7402680207
46.42174913502935,2370778.9357546265
57.687083547740464,8294042.928823371
71.70314330312101,30829024.467623692
89.14162800935948,117783986.85241994
110.83871608575711,486883046.2178855
137.83403759624736,2002796884.610056
171.42173703830977,9502066677.388618
213.2117807803511,39745168394.45338
265.2059635374311,201969440679.88763
329.89752706779797,1051493969241.3883
410.3873862059622,5616829148587.532
510.53136857876973,30281569923446.875
635.1315101135082,172351123896526.72
790.1632775273121,1081275494233071.2
983.0344305761283,6113056528328222.0
1223.0387087759984,3.610426353502005e+16
1521.6251566072633,2.2855746601283555e+17
1893.1414240178617,1.504287285994374e+18
2355.3844457107416,9.944998568735556e+18
2930.4917628705707,6.392365107034736e+19
3646.0520402367365,4.02603398971012e+20
4536.3436483379455,2.873741626096968e+21
5644.07232052029,1.8888590506782389e+22
7022.268316359346,1.3459057734105279e+23
8737.030198316408,8.436164663977196e+23
10870.576994610647,5.634447532017937e+24
13525.074475579579,3.967909352173353e+25
