1.1043783863428944e-09,0.993169696051231
1.3740685815205539e-09,1.073450154728729
1.70961736488816e-09,1.0402674987466611
2.1271074629046554e-09,1.0607165157010754
2.646549018268347e-09,1.0028403840776408
3.292838668544816e-09,1.0460318006634388
4.096952832507176e-09,1.0136599114416458
5.097432398289267e-09,1.025522544750157
6.342229973427773e-09,1.096374506761443
7.891008235436724e-09,0.9783607438274646
9.81799954104309e-09,1.0128044141642378
1.2215563854978156e-08,1.0177140204471662
1.519861552862833e-08,1.051167394128929
1.8910131100243746e-08,0.9979817565915322
2.352799904443209e-08,1.04512030599824
2.927356135842494e-08,1.0195282286773515
3.6422186591843294e-08,1.0828654929634307
4.5316523155882615e-08,1.0172315167168322
5.638285877747832e-08,1.008246629256813
7.015160346160082e-08,1.0193949917279914
8.72826879032248e-08,1.0985565562455175
1.0859719845397148e-07,1.0327664567400858
1.351167314686646e-07,1.0569316599427276
1.6811235800960902e-07,0.982063609201299
2.0916554578493056e-07,1.0541033488868425
2.602439582547821e-07,1.0250555904468037
3.2379576392399135e-07,1.0366311130990538
4.028669760579525e-07,1.006416512894792
5.012474467664069e-07,1.0642426904028277
6.236525129704207e-07,0.9799686710311069
7.759490508391305e-07,1.0179720794491072
9.654365431200517e-07,1.054139080711991
1.2011969740121541e-06,1.0032863537719134
1.4945304860862255e-06,1.0456747502715447
1.8594960760985047e-06,1.007572523948339
2.3135865372465962e-06,1.0721499850214091
2.8785654640857082e-06,1.038338421919627
3.5815143049478347e-06,1.0642075524317054
4.456123911736203e-06,1.0331884027094136
5.544315386736641e-06,0.9752468768938093
6.898237237797727e-06,1.049770378172477
8.582795338052935e-06,1.0205991890315478
1.0678729539239588e-05,1.00986404821214
1.3286472929598757e-05,1.0202331109854703
1.653103375335495e-05,1.0471240011164717
2.0567882836292865e-05,1.0588311095781977
2.5590612896166538e-05,1.0134917317653147
3.183987189697876e-05,1.098806574420741
3.96151833170081e-05,1.0234208875289796
4.928923499610073e-05,1.0715963064154168
6.132566684729495e-05,1.0150217704048643
7.630138272113476e-05,1.0147880932217537
9.493416437790423e-05,1.052656727342822
0.00011811708144982056,1.0454922201703971
0.00014696145065358685,1.0429920362947338
0.00018284885138996352,1.0779551285572135
0.00022750023363319138,1.061420614677705
0.00028305532831684587,1.0235231900687312
0.000352176307124621,1.1181049079828314
0.00043817607724683233,1.1407405180664485
0.0005451752719571706,1.175595496155561
0.0006783022129672616,1.141986190788097
0.0008439320958282707,1.279730590125261
0.0010500036643743154,1.2687690542328347
0.0013063861120069912,1.3748644976643516
0.0016253814427985062,1.3839273460160533
0.002022251601907975,1.4710342185573915
0.002515995181785572,1.4765316516016236
0.003130266024703617,1.5633041355100243
0.00389453264658683,1.5534469533154533
0.004845248623661413,1.5570309447873116
0.006028057433345485,1.6486649888974156
0.007499409014058056,1.6842617477633712
0.009329672287807027,1.712560086656372
0.011606140176395469,1.8075222116142002
0.014437890760741248,1.7126398026024534
0.017959665476773874,1.8047761019267152
0.02233924767655729,1.7582559361416186
0.02778460585311217,1.7815757634570268
0.034555341536394654,1.7358850845414413
0.042971757425080394,1.7534322140842897
0.05343155002542454,1.729867329278496
0.06642816889006917,1.7650545995086702
0.08257230859828475,1.7358234104269474
0.10262188947296434,1.7537352177736212
0.12751348191955003,1.6705039471946523
0.15840509379657283,1.7768439105581457
0.19673686328396892,1.6739168039293972
0.24428080436309535,1.7961002863917466
0.3032391641744665,1.7956592514179013
0.3763605853731004,1.8207783617246653
0.46703410908386156,1.7956737482666225
0.5794941644926648,1.9311461736464541
0.7190110733399834,1.955458192845678
0.8921529742112023,2.219296019086959
1.107115482600846,2.3219518320220107
1.374107899244774,2.4621432472281497
1.7058477623553716,2.7497281420497557
2.1181763922072627,3.102093791272414
2.630816427706764,3.6435952527544524
3.268323785725576,4.247699680328432
4.061224550176321,4.742249968408499
5.047546261594048,6.544450208941894
6.2745236236697775,7.679983001554302
7.801015098267046,9.83732823159941
9.700153514880823,13.433446327739025
12.062996686682812,19.59760786225035
15.002778670864926,26.254063837210804
18.660421959393787,38.859405543504245
23.21124523800594,54.94392194146927
28.873316065081596,84.98724722076338
35.91806754419709,134.59237249806822
44.68313945784707,197.70331471646884
55.58862120850196,335.63384103827167
69.15729507677769,547.3634954469442
86.03929533335567,941.8367523657936
107.04392936900706,1522.9253216978802
133.1779175872307,2607.280543680078
165.6941630291296,4383.6041370922185
206.14997200353298,7598.155859576767
256.48551600539247,13352.841626219826
319.1131046998495,25176.1235436821
397.034326696766,45932.328025614166
493.9840289684265,81688.07303086668
614.608186594774,150008.64699758138
764.6895543676313,281470.523175726
951.4205194739502,529476.7397182832
1183.7509088947631,1020340.4705565856
1472.8170820890398,1803018.1175847834
1832.4723853453663,3516053.1422197903
2279.9536821574266,6297496.8782772785
2836.7157349043723,12755165.90679126
3529.4365910455035,24809735.492482316
4391.319894319438,45623700.02781389
5463.685112082009,90493778.40065901
6797.914113547483,163346410.42538366
8457.86656375366,325197354.1756755
10523.370626516795,610020267.2170552
