1.1045566712445605e-9 1.0339990969992006
2.2091518974220016e-9 1.033999104091996
4.970602862421633e-9 1.0339990560880452
7.732041371065898e-9 1.033998924695768
1.0493481384802516e-8 1.0339970587615412
1.3254915944192567e-8 1.0339988155828699
4.086937338036016e-8 1.0339964767636396
6.848376929463749e-8 1.0339978145075346
9.609821291696377e-8 1.0339954761595735
1.2371259225397793e-7 1.0339949968949969
3.998568383243381e-7 1.0339915189021496
6.760011045232048e-7 1.0339855147557109
9.521453100965627e-7 1.033978135858941
1.2282895112647303e-6 1.0339791682498995
3.989731060100448e-6 1.0339449770398783
6.751171709287592e-6 1.033920175112924
9.51261127380772e-6 1.0339049775107523
0.000012274049952276553 1.0338829833579142
0.000023319794802917262 1.0338390748219752
0.00003436552409690375 1.0338251411581836
0.00004541123775514321 1.0338329979915437
0.000056456935877913526 1.0338962720718199
0.00006750261840286118 1.0338914926003233
0.00007854828535988495 1.0339315127799507
0.00008959393676440443 1.0339911472342584
0.00010063957260186227 1.0340687608699444
0.0001116851928078563 1.0341238222081333
0.0002221405383446641 1.0351885772629401
0.00033259432643480195 1.036635196574409
0.00044304655737106743 1.0382858186536121
0.0005534972313151805 1.040046554507937
0.0006639463485332894 1.0418600002794418
0.0007743939093568993 1.043687387954036
0.0008848399139290427 1.045500820073777
0.0009952843625728324 1.047284883932406
0.0011057272554831432 1.0490259429087625
0.0022100706825591196 1.0634224094291047
0.0033142588268972165 1.0729852422697608
0.004418291964058661 1.0794367890126524
0.005522170378167204 1.083949082687572
0.006625894363566463 1.0872037630286964
0.007729464224379948 1.0896046818635288
0.00883288027410186 1.09139870479602
0.00993614283520397 1.092760275577105
0.011039252238746126 1.0937845904603616
0.022062000897481907 1.0957866214889151
0.0330698488091436 1.092808547884462
0.04406322067807233 1.0887107831766516
0.05504256986584791 1.084424893405493
0.0660083634322631 1.080292053684953
0.0769610731209565 1.07645807125915
0.08790116601009676 1.0729728774007297
0.0988290990906261 1.0698772641071765
0.10974532833970133 1.0671682600958834
0.21835231802404653 1.05888204450619
0.32617671755347727 1.0747184992141554
0.43345301236446754 1.1048273158580624
0.5403345881975306 1.1440655248033615
0.6469243984028851 1.1896940515709153
0.7532935453075249 1.2401601263361934
0.8594924482505855 1.294526052268022
0.9655577095460413 1.3521950142166508
1.0715164571732534 1.4127671948156153
2.1281325394674417 2.1412769861036587
3.1827208020809525 3.0533496916789433
4.236718953052502 4.131959261858543
5.290483596212197 5.373309241196228
6.3441390048788415 6.777527822102722
7.397737831661618 8.346516022617463
8.451305431970988 10.083117341263085
9.50485497142152 11.990731388786154
10.558393908940488 14.073084422549531
15.82603674097946 27.247594991110088
21.093680137179753 45.413750868826405
26.361349115447283 69.1056317171407
31.62904345187979 98.85436321428733
36.89675853671553 135.1863702670194
42.164492517984776 178.61761871494343
47.43224079123755 229.66633132932606
52.700001345198835 288.83959153219
57.96777273106928 356.6429647126884
63.23555300621731 433.5776756309785
68.50334192752683 520.1449647104597
73.77113735040568 616.8340743880846
79.03893968066699 724.1420108773389
84.30674706158769 842.5563956935088
89.57455937523653 972.5933179064771
94.84237517474013 1114.6637669453335
100.11019558763338 1269.3265422703635
105.37802036083791 1437.0390163537124
115.91368053509315 1813.5408187916407
127.50291897200766 2294.78054260072
140.25109514443923 2911.2219748836196
154.2741039658081 3702.45259455133
169.69942829150216 4720.094447129326
186.66729989800493 6031.2536507682835
205.33197509133362 7723.837731525317
225.86313536930962 9912.200996471815
248.44742528164767 12747.547596710207
273.2901624616663 16425.299000106304
300.6171936930764 21203.852606979715
330.67694420292594 27422.50908282732
363.74269215262177 35526.71789073091
400.11502923083805 46096.68513444891
440.12462802456423 59914.489555100314
484.13520742335515 77977.8000110298
532.5468657638719 101651.21954556638
585.7997133585993 132668.12503904762
644.3778671395704 173382.00934852596
708.8138672489893 226855.17391457016
779.6934890032626 297143.50227594556
857.6610976761243 389427.284960869
943.4254985421566 511373.8222371118
1037.7663711523883 671891.9081709625
1141.5413648793055 883768.7854711936
1255.6938942712572 1.1630304656874095e6
1381.2616974898062 1.53204506767301e6
1519.38633148374 2.018465440914379e6
1671.3234543932513 2.66264544591151e6
1838.454330308882 3.517220522778344e6
2022.2983374318342 4.64781388574387e6
2224.5270428045546 6.143912651910169e6
2446.978131078753 8.121770881229788e6
2691.674653686034 1.0735349570960203e7
2960.840972887005 1.4228340013583876e7
3256.9238678472825 1.8854494073194824e7
3582.615315468102 2.496437648545746e7
3940.87553219076 3.3098559628744084e7
4334.962066093125 4.389087369633203e7
4768.4573078681005 5.81042623162674e7
5245.302122807667 7.706052215539901e7
5769.831503915319 1.0253333549210921e8
6346.8138814372605 1.3583084590809438e8
6981.494554825172 1.8105182423231983e8
7679.643411207118 2.391693406259974e8
8447.607214644857 3.1812837028567034e8
9292.367515740252 4.241756885041396e8
10221.603885813778 5.607168447751817e8
