1.1176990560561136e-09,1.113070187861556
1.3663853790745455e-09,1.008880806163373
1.67040587663186e-09,1.0842853626779436
2.0420674874293666e-09,1.0671882780762658
2.4964231567434685e-09,1.0013196346597433
3.0518800214345972e-09,0.9817109953734233
3.730913472716941e-09,1.0095060842247603
4.561029753134379e-09,0.9973856732913207
5.57586720370931e-09,1.037356512434529
6.816496635777402e-09,1.032908704307627
8.333138203181833e-09,1.0396472536173853
1.0187237361385424e-08,1.0193259884663584
1.2453888904813787e-08,1.031633082691982
1.5224893749900342e-08,1.102995708170981
1.861235765798892e-08,1.0979329444242016
2.275356599142365e-08,1.111079699957808
2.7816322599246607e-08,1.043463495421942
3.40053173761385e-08,1.0699259827405865
4.157154013598688e-08,0.9956635232987583
5.082114366542623e-08,0.9801363095215911
6.212870082546418e-08,1.0533880865329337
7.5952072457738e-08,1.064029857843939
9.285180503715532e-08,1.0363227342219505
1.1351081045418301e-07,1.0318244319608791
1.3876694288195618e-07,1.037576293484788
1.696419015776933e-07,1.0560565002021782
2.0738753330001005e-07,1.0642754116536943
2.535305123822623e-07,1.0444168723721063
3.099400288351246e-07,1.104004962955255
3.789016384546973e-07,1.054566821608745
4.632070310214719e-07,1.0600758186614652
5.662689064221676e-07,1.0447391208812775
6.922658795095854e-07,1.092952402801011
8.462901432407982e-07,1.0727862448049048
1.0345871313406007e-06,1.0115620514486507
1.2647823951982363e-06,1.0363268314706382
1.546190835790034e-06,1.0429705833145275
1.8902186498414249e-06,1.0589673538252067
2.3107849435053166e-06,1.0620653622701266
2.8249301243361635e-06,1.0342224435499958
3.4534732761508164e-06,1.0578909671300247
4.221856709388516e-06,1.0272299865019074
5.161215988817271e-06,1.0081859168408414
6.309567046233898e-06,1.0476459568876981
7.713420628036436e-06,1.0423181300142548
9.429632017209917e-06,1.0527073918121466
1.1527685776859073e-05,1.0045884930248288
1.409252407304072e-05,1.096121852831444
1.7228112069384888e-05,1.072484768355519
2.1061429366206076e-05,1.0383216170387939
2.5747631233409787e-05,1.0713741433184105
3.147601186754634e-05,1.0659201529147593
3.848027078062966e-05,1.071003119754653
4.704239005205386e-05,1.0574073966755004
5.7509760770645836e-05,1.0311345429532055
7.030607542544261e-05,1.0647228225796113
8.595016990970427e-05,1.0506016067266608
0.00010507593814972223,1.0448559918939246
0.0001284569725821567,1.0477139272038036
0.0001570418755815669,1.078538709977801
0.000191989207090766,1.0610160904607362
0.00023469502813669503,0.9981664869182238
0.000286895701674124,1.0114366683522535
0.0003507041460982834,1.002005281999091
0.00042876374640635987,1.0420237670648962
0.0005241976230207252,1.0809470783223083
0.0006407311173635448,1.0267245608658868
0.0007833611133734996,1.0324362029282446
0.0009575033609431761,0.9985682561608716
0.0011706152689013275,1.0370255972333653
0.0014310161094555837,0.9868073168409384
0.0017490509705592318,1.0194374103681652
0.0021384101635442744,0.975461582518721
0.002613377620962655,1.0189326739163476
0.003194679112862667,0.9834810212983905
0.0039047413309697006,0.9656983566631664
0.004772622262022607,0.9731608166603483
0.005833069250223221,0.947670445779935
0.007128149992123753,0.9198574714606578
0.008710278546127886,0.9022820036225885
0.01064187665667357,0.9210025870867197
0.013000804907416478,0.9144332435915478
0.015880100095396733,0.8980335347342251
0.019388140146896594,0.8835826764998843
0.02366856630429127,0.7942730259524886
0.02888565672834864,0.8083671312580472
0.03524168478348763,0.7932643231625239
0.04298014939465124,0.7763990484046159
0.052394911483284706,0.7872325130284882
0.06384470191094663,0.81532915740457
0.07776016119665921,0.7642172152737816
0.09467270878571393,0.7803688218217107
0.11522717738001197,0.8564771457264243
0.1402007557475219,1.0051578325043087
0.17055735706066705,1.096057714375135
0.2074546781700544,1.2488095218327695
0.252341197007998,1.5719793858558626
0.3069891985416613,1.8651555247856713
0.3735182966923885,2.308842299017442
0.45460859888420996,2.9339326452774612
0.5534962605921606,3.695831766536677
0.6741245574273711,4.6929487272076695
0.8213704344593463,6.664837320556147
1.0011778130488753,9.357379874181737
1.22077632058397,13.56608380970311
1.4890874342814266,18.52670151901583
1.8169362611794775,26.80957404234345
2.2175891587085976,41.43123947315529
2.7072681527255207,68.62074482080479
3.305808215984182,107.30296592190113
4.037422841780518,189.2777746593741
4.931777875965474,310.20184732278966
6.025059432270395,614.4241441311987
7.361538612792607,1135.9099230724564
8.995340476992983,2308.673409821579
10.992630340520916,5279.34826229895
13.434292381217979,10922.974937246312
16.41917634511623,24510.579631999866
20.068200011533303,62366.1558618296
24.529087496228684,162745.13049132188
29.98249226731697,479138.9861482156
36.649288744753335,1347136.381424263
44.79943306588174,4407094.764470405
54.762914739269185,14254231.996231087
66.94330907693444,46895767.7024425
81.83380905022352,156932283.6102997
100.03739747115934,654379887.0766215
122.29123984848704,2288615240.293212
149.49654084809936,9334434480.9991
182.75499287973676,38750155334.58191
223.41294722733392,166577029637.9973
273.11821647805266,824024262614.2062
333.8822279941545,3930163641329.7056
408.1662163047293,19002607665205.66
498.9782047755669,87846459317202.9
609.9958473767356,456781698108007.1
745.7146484404637,2392822937188601.0
911.6307982980204,1.3433285747597922e+16
1114.4593689420599,7.26206716146971e+16
1362.424847870523,3.970003992162911e+17
1665.5580503789795,2.2145149317083346e+18
2036.1377936531928,1.221512699143065e+19
2489.1710890144113,7.592550123129468e+19
3043.003392745894,4.062660458032242e+20
3720.0624229995797,2.477961024614272e+21
4547.766637955218,1.3905269618824704e+22
5559.633202148151,8.448882183228518e+22
6796.639006914632,5.370844115146889e+23
8308.876133092657,2.9482128831758247e+24
10157.584544654685,1.866458811250269e+25
