1.1176984408317198e-09,1.0603572152578256
1.3663906628468725e-09,1.0459408753917332
1.670405874479168e-09,1.0370093021712525
2.0420669240600387e-09,1.0324942235995407
2.496424366624506e-09,1.0314098128277172
3.0518709507022176e-09,1.0328153388278851
3.730914500765071e-09,1.0357884156636974
4.561034725833909e-09,1.039406611743143
5.575851785619696e-09,1.0427655297839948
6.8164707088719306e-09,1.0454611141155947
8.333133591020885e-09,1.0475358841645594
1.0187246519587235e-08,1.0490491937636326
1.2453895784389153e-08,1.0500617602446574
1.522486003382189e-08,1.0506353173427476
1.861236796693368e-08,1.0508323480990163
2.2753564494646217e-08,1.0507158317879308
2.7816237874873956e-08,1.0503490374179945
3.4005293862406387e-08,1.0497953703650595
4.1571470962958366e-08,1.0491182134118233
5.082100999682445e-08,1.0483808705952042
6.212852889683341e-08,1.0476464699059662
7.595210404067167e-08,1.0469779639887096
9.285136478635038e-08,1.0464381723411864
1.1351068460703623e-07,1.0460898082336245
1.3876655874268693e-07,1.0459955884146033
1.6964190160732754e-07,1.0462091115244525
2.073871882275316e-07,1.0467130361306614
2.5353051167486717e-07,1.047457144141019
3.099409923129355e-07,1.0483910957496716
3.78901115212539e-07,1.0494644573397296
4.632060066489386e-07,1.0506267284376762
5.662695718353234e-07,1.0518271695888497
6.922621454004822e-07,1.0530147917104937
8.462887465166352e-07,1.054138442678846
1.034586564977642e-06,1.0551467230013192
1.2647830957144413e-06,1.055988075997549
1.5461936224154274e-06,1.056610821747036
1.8902207433118355e-06,1.0569633154284017
2.310793892163215e-06,1.0569940021910977
2.824931705699524e-06,1.0566516053355035
3.4534723438891874e-06,1.0558852571382493
4.221858503840079e-06,1.0546447264216128
5.161218878561256e-06,1.0529080515355609
6.3095636376228375e-06,1.0507558925520633
7.71340802543326e-06,1.0482922830523496
9.42962955140861e-06,1.0456206304847147
1.1527705064054387e-05,1.0428435693543008
1.4092518560462787e-05,1.0400627559570823
1.722808377359511e-05,1.0373785416874286
2.1061371134005815e-05,1.0348904681228108
2.5747630732667856e-05,1.0326971711682786
3.147655082610203e-05,1.0308966682133487
3.84802681690428e-05,1.0295865818754957
4.70424112712709e-05,1.0288647015770134
5.750978377763235e-05,1.0288294321489075
7.030621778356297e-05,1.0295804121607124
8.595029115548155e-05,1.0312192638034112
0.0001050754970103094,1.0338503584025889
0.00012845699089572178,1.037580530724507
0.0001570418808535602,1.0423777575670758
0.00019198876499705085,1.04794183407488
0.00023469572990698464,1.0539356573351397
0.0002868959081557818,1.0600189679362233
0.00035070360962791814,1.0658431428458919
0.0004287636648086985,1.071055226660797
0.0005241973423146155,1.0752875058103122
0.0006407295924950485,1.0781709090440446
0.0007833527049644687,1.0793458808402647
0.0009575020751780056,1.078449735991948
0.0011706104962405702,1.0751323575700673
0.0014310191565929326,1.0690673434591877
0.0017490546898230018,1.059961148365718
0.002138402616337109,1.04752392052318
0.0026137747178806305,1.0315677838699797
0.00319466731888023,1.0119189942215912
0.003905461853598185,0.988477199107388
0.0047729032610787465,0.962013250706921
0.005833069318924684,0.9338714697206189
0.007128122380279081,0.9053537551228206
0.008710292953518458,0.8776051657852624
0.010642694591193878,0.8516446876613647
0.013000812220395182,0.8283781784853999
0.01588007497149029,0.8085785446681005
0.01938810139688183,0.793000607849672
0.023668458368430942,0.7823092207534731
0.028885678686477505,0.7772341629754861
0.03524169564015753,0.7785664246404551
0.04298213494084974,0.7872361105040003
0.05239512914145255,0.8043741084784038
0.06384469098315475,0.8314492500844473
0.07776275640250761,0.8703747838950023
0.09467441804567704,0.9237052318169956
0.11522738325288237,0.9949345302620121
0.14020094158644375,1.0888323098091153
0.17055365456971608,1.2120600777697126
0.20745752248504115,1.3740024811003628
0.2523408735595712,1.5880370170221476
0.3069893455139543,1.873762880450669
0.373514710927448,2.259659154780007
0.4546085723603452,2.78913714412527
0.553496511878931,3.5281803344055653
0.6741243703302122,4.579787535686032
0.821370441013135,6.108826587246361
1.0011779943138885,8.384324701003806
1.2207761863360318,11.85565905065792
1.4890875296740538,17.295298593025464
1.8169364842549214,26.0625155686313
2.2175822291088934,40.62024313902162
2.707267972361844,65.56437769971558
3.3058050821722937,109.73002073526501
4.037445921333892,190.64954570613062
4.931782167806864,344.26608237997254
6.025060136214663,646.865379718254
7.361538442928569,1266.17241817128
8.995340533411113,2584.832283300162
10.992618059462401,5509.736375974831
13.434291862895433,12277.035203593645
16.419222615996453,28629.66047715063
20.068204242260844,69950.30489495462
24.529087478122726,179276.38328297748
29.98249089158808,482517.94284238864
36.64928899462719,1365410.3598963195
44.79943338631986,4066965.3502389956
54.76291845868398,12765374.373924077
66.94332623107016,42272546.51197814
81.83380697547386,147855874.48282674
100.03740349442953,546141176.6030008
122.29122420360747,2124017073.1456409
149.4965386306264,8668473870.754217
182.75500979669673,36999873699.10687
223.41335571749102,164615840294.2787
273.11818959699593,760854229073.3373
333.8822529008195,3641087150097.2075
408.1661798030914,17980546572469.934
498.978295097011,91318961049590.34
609.9958410358544,475385859745154.0
745.7146974336547,2528150289263325.0
911.6307517243597,1.3689046154416714e+16
1114.4628341743855,7.521426852553168e+16
1362.4248419224016,4.179530883778639e+17
1665.5579586524418,2.340980489436311e+18
2036.1377354492179,1.317208029241211e+19
2489.172606158244,7.421742098883563e+19
3043.003846916968,4.191826926666739e+20
3720.0625263095426,2.387373622013174e+21
4547.766206980068,1.3795555775445455e+22
5559.632980850665,8.138462781193027e+22
6796.638731644556,4.931882522331759e+23
8308.876222212557,3.0891073823700877e+24
10157.596576812113,2.0122932565492896e+25
