1.8519613756551345e-13,1e-55
2.1379538244395799e-13,2.3739153035405513e-55
2.468124866356733e-13,5.63547386838412e-55
2.849301563984235e-13,1.3378137658859932e-54
3.2893574505204557e-13,3.175856572124027e-54
3.79725525594707e-13,7.539214518415065e-54
4.3836879970693223e-13,1.7897456721940923e-53
5.060775061007624e-13,4.248704640667026e-53
5.842181097665676e-13,1.0086064966703377e-52
6.744358449506609e-13,2.394346397696137e-52
7.786158263688125e-13,5.6839755554681434e-52
8.988450104729745e-13,1.3493276556076232e-51
1.037677560881557e-12,3.203189571137483e-51
1.1979285003136045e-12,7.604100743064767e-51
1.3829098663421372e-12,1.8051491123625823e-50
1.5965106352302818e-12,4.285271103010176e-50
1.843071586350395e-12,1.0172870651256122e-49
2.1276749154878474e-12,2.414953331995544e-49
2.456242413596598e-12,5.732894672160561e-49
2.8356260342115728e-12,1.3609406395828048e-48
3.2735639878867654e-12,3.2307578115159386e-48
3.779013049251565e-12,7.669545410790868e-48
4.3626803878461686e-12,1.820685122187594e-47
5.0365142571468126e-12,4.322152274489728e-47
5.814297501862378e-12,1.0260423428643936e-46
6.7121908139133136e-12,2.4357376198063848e-46
7.749037274524292e-12,5.782234811067814e-46
8.945769796280703e-12,1.3726535706659017e-45
1.0327276927905421e-11,3.258563317863419e-45
1.192200698197725e-11,7.735553327831843e-45
1.3763160123253667e-11,1.8363548426294053e-44
1.5889030387219276e-11,4.359350863648817e-44
1.83428828683032e-11,1.0348729728718816e-43
2.1175957082012225e-11,2.456700787521065e-43
2.4445634835685467e-11,5.831999595716381e-43
2.8221285683045857e-11,1.3844673090513651e-42
3.2580225540717116e-11,3.2866081322086955e-42
3.761212387356148e-11,7.802129341791049e-42
4.3419585789625705e-11,1.852159424468054e-41
5.01263661643827e-11,4.396869602341645e-41
5.786699342540538e-11,1.043779603667126e-40
6.680475719396031e-11,2.4778443746688814e-40
7.71219890783774e-11,5.8821926808183255e-40
8.903225713368125e-11,1.3963827223369071e-39
1.0278337174864383e-10,3.314894314155254e-39
1.1866004505285113e-10,7.869278341992718e-39
1.3698701360361932e-10,1.868100028387673e-38
1.5813925568624917e-10,4.434711245934108e-38
1.8256478535984596e-10,1.0527628893506362e-37
2.1075929462468972e-10,2.4991699340290437e-37
2.433060178898266e-10,5.932817752540074e-37
2.8089047099108937e-10,1.408400685587217e-36
3.242633353247115e-10,3.3434239410324986e-36
3.7435695136139153e-10,7.93700525984091e-36
4.3216976576302527e-10,1.8841778250618495e-35
4.989143931608055e-10,4.4728785735061494e-35
5.759726561191215e-10,1.0618234896524879e-34
6.649232042734249e-10,2.520679031744873e-34
7.676246493515478e-10,5.983878528773031e-34
8.861763458808795e-10,1.4205220813982248e-33
1.0229633051741373e-09,3.3721991080485225e-33
1.1810561021763859e-09,8.005315069182185e-33
1.363492392353477e-09,1.9003939952395686e-32
1.5740691176762192e-09,4.511374388055818e-32
1.8171138679407723e-09,1.0709620699806685e-31
2.0977867226105923e-09,2.5423732474385963e-31
2.4218085455384304e-09,6.035378759406622e-31
2.7957915296353688e-09,1.4327477999619083e-30
3.2276274633787832e-09,3.4012219284436585e-30
3.726095631946942e-09,8.074212786670172e-30
4.301516666000304e-09,1.916749729831928e-29
4.965871004006281e-09,4.550201516705268e-29
5.7329054492713254e-09,1.0801793014700152e-28
6.618489457893486e-09,2.5642541743274326e-28
7.640755496158808e-09,6.087322226603683e-28
8.820741414689512e-09,1.4450787391317143e-27
1.0183050121456342e-08,3.430494533645889e-27
1.1755717586081118e-08,8.143703472134249e-27
1.357147393573407e-08,1.9332462299995973e-26
1.5667649295172743e-08,4.589362810908158e-26
1.808741503960025e-08,1.0894758610314846e-25
2.0879729895500843e-08,2.5863234193406605e-25
2.4105932379455387e-08,6.13971274507817e-25
2.7829287584404015e-08,1.4575158044884155e-24
3.21284774555979e-08,3.4600190734272955e-24
3.70898901483454e-08,8.213792228951323e-24
4.2818087069684135e-08,1.949884707241032e-23
4.943358829572608e-08,4.6288611466591734e-23
5.706713361895152e-08,1.0988524314018655e-22
6.587938679090056e-08,2.608582603237632e-22
7.605585126876032e-08,6.192554162375566e-22
8.780426840642727e-08,1.4700599094067097e-21
1.0136457876159092e-07,3.489797716062082e-21
1.1701987236743895e-07,8.28448420442064e-21
1.3509483195528445e-07,1.9666663834814445e-20
1.5596472219284887e-07,4.6686994247053514e-20
1.8005047076784448e-07,1.1083097011939002e-19
2.0785798839750988e-07,2.631033360726698e-19
2.399626001134605e-07,6.245850359154836e-19
2.7702814530272797e-07,1.4827119751222157e-18
3.1980956639000946e-07,3.519832648485465e-18
3.6920471219817563e-07,8.355784590141452e-18
4.262294368335702e-07,1.9835924911625105e-17
4.920599180776694e-07,4.7088805707588866e-17
5.680764599332014e-07,1.1178483649469285e-16
6.558120455402142e-07,2.6536773405853403e-16
7.571199451482339e-07,6.299605249474331e-16
8.740519485438105e-07,1.4954729307991751e-15
1.0090421352870587e-06,3.5501260764548014e-15
1.1648984938257504e-06,8.427698622394565e-15
1.3448429389748883e-06,2.0006642733330077e-14
1.552557064825438e-06,4.749407535712141e-14
1.7922968466704587e-06,1.1274691231777869e-13
2.0691926717690884e-06,2.676516205781239e-13
2.388783537434405e-06,6.353822781078374e-13
2.7577850069943423e-06,1.5083437135986786e-12
3.183731419196335e-06,3.580680224711089e-12
3.675435039124737e-06,8.500231582526814e-12
4.243159341591987e-06,2.017882983739912e-11
4.8985820216877e-06,4.790283295854325e-11
5.655050107987779e-06,1.1371726824323252e-10
6.528663499006995e-06,2.6995516335944e-10
7.537187538937941e-06,6.408506935687641e-10
8.701290125678338e-06,1.5213252687474905e-09
1.0045139379993114e-05,3.6114973371426096e-09
1.1596905200114166e-05,8.573388797338932e-09
1.338804712481867e-05,2.035249886920601e-08
1.5456556927996795e-05,4.8315108530900704e-08
1.7843567307812094e-05,1.1469597553372782e-07
2.0599562225014524e-05,2.722785315740291e-07
2.3781258116210715e-05,6.463661729291475e-07
2.7454883308073947e-05,1.5344185496074416e-06
3.169570878136736e-05,3.6425796769496616e-06
3.659247556080186e-05,8.647175639476598e-06
4.224500839948956e-05,2.0527662582956886e-05
4.877179946407615e-05,4.873093235159811e-05
5.631016829239189e-05,0.00011568310606525999
6.502044943143686e-05,0.00027462189584942547
7.509272409959705e-05,0.0006519291212442811
8.677132520891252e-05,0.0015476245177455425
0.00010039226029806996,0.003673929526810769
0.00011649314827587702,0.00872159752782558
0.00013610048264838033,0.02070433384262692
0.00016151980420803556,0.0491503349586246
0.00019850409837957452,0.11667873233242498
0.00026212308356424245,0.2769854282816554
0.0003928802587668881,0.6575399470555663
0.0007007572674461375,1.5609441430044526
0.0014850246304591985,3.7055491890503216
0.003554837399679513,8.796659927908838
0.009056880392590236,20.882525622905053
0.023435097682349113,49.57334715279199
0.059182264189779774,117.68292745374323
0.1399981796953995,279.3693024478936
0.29950902413391595,663.1990624205141
0.5746645984416472,1574.3784035738038
1.008244974685833,3737.440985807656
1.6654145417567192,8872.368352288478
2.655378120408528,21062.25101014683
4.156281218469709,49999.99999999999
