0.3943973100352537,10.0
0.41514469581535524,11.178591777554034
0.4370053721604056,12.496091412919867
0.459985009599377,13.96887047200296
0.484160548753729,15.615230060004974
0.5095428719021348,17.45562823533862
0.5361320882091791,19.512934226359633
0.5640396731362947,21.812712609873646
0.5932216802203605,24.38354098268829
0.6237426274285177,27.257365073673114
0.6556030379736917,30.46989570903508
0.6888660407187597,34.06105256359485
0.7235263899854646,38.07546021222372
0.7595990835425419,42.56300264549499
0.7971474483001494,47.57944314009409
0.8361591925343587,53.18711718664558
0.876662287814107,59.45570708544391
0.9186888877128832,66.46310783540045
0.9622424345209519,74.29639507594949
1.0073274543906126,83.05290710979152
1.0539615752658495,92.84145445194746
1.1021817098599795,103.78367193526971
1.1519618284216084,116.01553017399715
1.2033611647531761,129.68902516716165
1.2563770906631608,144.97406703726315
1.310965501209227,162.0605913741319
1.3672338843515075,181.16091942004135
1.4250986507892616,202.5123964243005
1.4846625649024765,226.38034095214465
1.5458549258090286,253.06134179675257
1.608740287702645,282.88694346259695
1.6733287454892352,316.2277660168379
1.739637338170226,353.49811050301054
1.807672766169899,395.16110714498416
1.877448141371995,441.73447031400684
1.9490288135424918,493.79693177143446
2.022379171278149,551.9954321281573
2.09755972415773,617.0531598835199
2.1745948074060273,689.7785379387658
2.2535251924644535,771.0752692535524
2.3343721140853098,861.9535664753032
2.4171720928077196,963.54270508342
2.501950416495584,1077.105056036769
2.5887655525066022,1204.0517722974503
2.677666682146886,1345.9603241553643
2.7686828275094455,1504.594101251712
2.8618790811073835,1681.9243248808689
2.9573107753447276,1880.15454285814
3.055026811257656,2101.7480113324873
3.1551104979009494,2349.4583037971906
3.257572905533624,2626.3635276533328
3.3625142224306126,2935.9045735093355
3.4700053663856787,3281.927872511474
3.580092307348021,3668.733193018217
3.692897792461175,4101.1270705513
3.808459052588977,4584.482534956903
3.9268864131586385,5124.8058769609315
4.048236618029487,5728.811283775606
4.172634588308625,6404.0042711972765
4.300130259453191,7158.774948942686
4.430866497353446,8002.502278161052
4.564906180268986,8945.670616650857
4.702433837248518,10000.0
