2.133776356358177e-09,1.0035636795864427
2.654841106285684e-09,1.0088488931123911
3.303188963624792e-09,1.035307348126709
4.109880359126348e-09,1.0167655421478723
5.113592404553675e-09,1.0620728807646018
6.36233197253113e-09,1.036016476828574
7.915450345492417e-09,1.0345174546907159
9.848688079593047e-09,1.0308084394983017
1.2254190916927083e-08,1.0328283413856396
1.5247412967339624e-08,0.9659161210888657
1.8971916423031338e-08,1.0867721759246303
2.360373220379362e-08,1.0447397249359467
2.9370313204155204e-08,1.0220631356326528
3.6546403126134814e-08,1.0255818462932103
4.547328173939953e-08,1.02180636620363
5.658263103574162e-08,1.04552910056542
7.04042952176684e-08,1.0088719809733768
8.760733254442227e-08,1.0195223949024694
1.0900731525075293e-07,1.030859920922887
1.3565901281833873e-07,1.0334316660151692
1.688115585203309e-07,1.0321007802144064
2.1006842999223816e-07,1.0303885328127416
2.6141818535119754e-07,1.0237738203928979
3.2532504671359e-07,1.0391368395796217
4.048704770173e-07,1.0462698861831057
5.038894689034631e-07,0.9841442416036994
6.271182353706406e-07,1.104096224280664
7.805298035173212e-07,1.0609360207051701
9.715093363972006e-07,1.0150076541334392
1.2091157264159424e-06,1.0197917341705376
1.5050344954214074e-06,0.9828918921665407
1.8735241179760105e-06,1.0161384520772163
2.332045300521366e-06,1.0255848648225276
2.903147166739404e-06,0.9685938837626371
3.6139595952136557e-06,1.0418256372934775
4.499314390992001e-06,1.0388734277818852
5.601456827960607e-06,1.0125560576317838
6.973775221884972e-06,1.086098541875588
8.683786909729054e-06,1.092189399466473
1.0812188457258297e-05,1.0686517878579627
1.3464083668913859e-05,1.0874538908954756
1.6765923309264795e-05,1.1213435917483123
2.0880736921540317e-05,1.0402027696162703
2.600471776843894e-05,1.1089929811397332
3.239034996568865e-05,1.183365687046924
4.034422627303032e-05,1.2387920793673777
5.02588022154291e-05,1.212536369793373
6.260755169783355e-05,1.3621717021722959
7.800139426150727e-05,1.3747333658278404
9.719124786093082e-05,1.6008951113468908
0.00012110163759953592,1.6759545515545815
0.00015090543490699345,1.9698763866188223
0.00018807125593942804,2.2923835574805826
0.00023439750783707658,2.714524192736201
0.00029215866790662805,3.143078104475846
0.00036418456327111284,3.7835282428498895
0.0004539795089344893,4.367775394121895
0.0005659593783097933,5.273297548937871
0.0007056272608878123,5.957092632262708
0.0008797846241688658,7.184223281458861
0.0010969255804769518,8.81676720215945
0.001367623183886739,10.10733988007432
0.001705170414211702,11.618114434327659
0.002125863332567545,13.303620867894773
0.0026499791063175405,15.480539696002511
0.003302856126362234,16.977692761993172
0.004115518196910319,18.00430674597622
0.005126308622158412,19.95948892571742
0.006382535105087637,20.850800586386395
0.00794148782854628,20.85736234099526
0.00987374565315758,20.886021142710515
0.012263813938005769,21.13577763865236
0.015213934748998917,22.785136923575628
0.018845340365689356,22.857917163368754
0.02330011422161968,21.717165223970063
0.028744716345243705,21.622132072283694
0.03537114089475379,21.51954641409275
0.04340236813868885,20.954461870546446
0.05308210813273358,20.758077358572372
0.06469621579257831,19.355818398261885
0.07856439111599409,18.865831976556677
0.09506060925394612,18.57184665842489
0.1146235213077284,18.66587648765373
0.13777867711924005,18.43877360253144
0.16518057972143504,15.929279362508186
0.19765335762267427,16.840217025334635
0.23623400437002243,16.429201039206447
0.28224818464141344,17.10320461014284
0.3373963474236284,16.033606632289434
0.40381932133203396,17.63658370972157
0.4842476745505269,19.782710850768478
0.5821202211525397,19.73524995235382
0.7017587822247663,21.362654291782217
0.8485758334537891,24.637870627138522
1.0293435933842028,27.909621869985045
1.2525020703992833,33.78256640886637
1.5285528890609081,40.474267059836556
1.8705470108299174,57.66804671444368
2.294734062355106,77.46754445476564
2.821267697695008,113.23369623724038
3.4752241392395073,170.93949392702447
4.287734944835488,272.38829389294585
5.297514437760808,468.286394936259
6.552702747561319,851.4614869935149
8.113123146778166,1659.1149477815675
10.053204122856627,3550.9137115131134
12.465517591927421,7387.573587660214
15.465173805565632,17874.686431806676
19.1953985804385,42844.987050094416
23.834339291778424,120480.76615074261
29.603627585655783,333991.0140438637
36.77899064937519,1081265.6683706585
45.70341360205201,3666626.4044760456
56.803667521862735,12273344.588934174
70.61055937221894,46782265.02335285
87.7846016431749,179947261.17527488
109.1476198244168,789352669.1273191
135.72186847017338,3230213047.8814707
168.77916621657985,14471078543.74496
209.9024026927097,71939480365.22812
261.05932983868286,377511192532.2606
324.7001949724764,1964348215319.5295
403.8719863598393,10636539342801.55
502.36765728746235,60596161222214.5
624.9032511910151,327051672720133.3
777.3482242836291,2018249126215853.8
967.0053728057143,1.1648196249189768e+16
1202.959154663394,7.277632848202427e+16
1496.5186018915865,4.620207542651209e+17
1861.7345606841598,2.8792504807739453e+18
2316.118690719032,2.0608517080525468e+19
2881.435802246845,1.3582200432681633e+20
3584.7768969988574,8.8904226013084e+20
4459.840606567374,6.298941749458627e+21
5548.557127973612,4.143698336730263e+22
6903.136154501861,2.9359534607111062e+23
8588.37247943305,1.8797483493580263e+24
10685.14518622591,1.3847242775022034e+25
