2.870577044187835e-08,0.9869965628647439
3.062755693184958e-08,0.9486627149856637
3.424725375452235e-08,0.9981535442754971
3.950676746767029e-08,0.9882148508166316
4.65300115455454e-08,1.0110327447930065
5.556942399440704e-08,1.0081889758395979
6.700460675839077e-08,1.0209988471987173
8.134076703316284e-08,0.9897707097461196
9.923071308924097e-08,1.0285984029037223
1.2149250607432714e-07,1.0225119203677229
1.4914912947060343e-07,0.9870016921717628
1.8348516485851098e-07,1.0248349779447476
2.2609146468811088e-07,0.993788656147371
2.7894352249396733e-07,1.0098565255809635
3.445074187041891e-07,1.0274059091138492
4.258252565366477e-07,1.065630596318614
5.266821658350067e-07,0.9842334153760014
6.51778113806575e-07,1.0392047624160459
8.069377389151842e-07,1.0118805713245371
9.993962220701576e-07,0.9781127728431404
1.2381230811260131e-06,1.0027559218507995
1.534251033526659e-06,1.0051779962381038
1.9016015667837957e-06,0.9395403911941884
2.357308911945533e-06,0.9426846649533644
2.9226662310474525e-06,1.0283491866838537
3.624078033426041e-06,1.0134991174801353
4.494313896731188e-06,1.0232575921924496
5.574107191612799e-06,1.0559135539507973
6.913989230638378e-06,1.0182854174022393
8.57672911040669e-06,0.9516649634915199
1.064026315254464e-05,1.0076594581060536
1.320150470654418e-05,1.000653265558631
1.638071071669807e-05,1.0655303709127397
2.032742475752961e-05,1.0232712575188743
2.5227535792301698e-05,0.9906845017013249
3.131190495352795e-05,1.0067409218104462
3.886765379716289e-05,1.0780371828946909
4.825172281876135e-05,0.9966161836286952
5.9907837695953505e-05,1.0272413087667833
7.438783213388013e-05,0.94141408769647
9.237760510426055e-05,1.0124556139559746
0.00011473061677755444,0.9732432207222231
0.0001425079331016024,1.0147012786727723
0.00017702920312613908,1.048895490199118
0.0002199356986246155,1.0140057441126966
0.000273268606671965,0.9763683370075981
0.00033956738198067385,1.030285359789639
0.0004219909886545001,1.0299198527824514
0.000524480043553812,1.0271401766967485
0.0006519387160130644,1.0013414455593395
0.0008104113292831253,1.0227587699741039
0.0010074345353814225,1.0223083455503976
0.001252548845949451,1.0169221206684922
0.0015573039106412505,0.9915358452696466
0.0019364651752796233,1.02201404307565
0.002408039829669132,1.0528424213347825
0.0029945587853171746,1.0350109851049643
0.003724083768735051,1.03990832275613
0.004631844194060321,0.9908904356978376
0.005760918326269135,1.0304267048467368
0.007165580284636886,0.958866389196648
0.008913577939010296,1.0336958388855948
0.01108792591569019,0.9809539150732088
0.013793804755427862,1.0485595709535478
0.017161590991889394,1.0439938747097586
0.021352044813327888,1.0869687608206293
0.026568015868824443,1.026861944252724
0.033060990605670235,1.0621245808010609
0.04114541020150438,1.0464045374458915
0.05121087260931003,1.0821842562634052
0.06374949231067648,1.0271288009660244
0.07937303464061539,1.065049590707221
0.0988451707706487,1.0304274142060754
0.12312508577633835,1.1077903158831066
0.15342521261615918,1.149992080751988
0.1912626657223252,1.0513099813830584
0.23855860932749529,1.1393596346753618
0.29773852805882506,1.1542669771296867
0.3718767077527491,1.1413732798722633
0.46486965551074705,1.1169800806813988
0.5816517155190704,1.1391695643090596
0.728473050803974,1.1507174705032186
0.9132196391357639,1.1166233547606128
1.1457964469441375,1.1421019070499012
1.4385873378402243,1.0723395630865837
1.8069679821586528,0.9571190905911191
2.269938704180675,0.9171171378333801
2.850890634415624,0.8547060612698721
3.5785790852046775,0.7754666976509362
4.488380465547771,0.6805626349611469
5.6238204833560115,0.6102993953223522
7.038614764383168,0.5251144163470443
8.799096142041712,0.4725761191011209
10.987389716475306,0.36937779755892325
13.705078306208446,0.30281863649743684
17.078047746990613,0.2500872405510853
21.26219674679655,0.1937841772001032
26.450901468698408,0.15409934826985694
32.88315441428912,0.11473526534607312
40.855386865439215,0.08851719557980749
50.734658939456125,0.07033179568352413
62.97534468321054,0.05641482635118561
78.14034214634323,0.040900058746235333
96.92659330938199,0.03263897766108792
120.19692497436186,0.025947949415928984
149.02047591766419,0.01981135444357555
184.72099024230548,0.015901588105438676
228.93872309395553,0.013942326313786117
283.70559376109054,0.012482561362712922
351.5397160366626,0.011191051460297169
435.562074896581,0.011373778137889135
539.6417703458326,0.012226677652687609
668.5774609012644,0.01674221314944583
828.319548370142,0.024429081682646035
1026.251600477577,0.040319124222420434
1271.5334241266874,0.07830207412975726
1575.5386063319631,0.19553174711977847
1952.3815689625233,0.5271477192776302
2419.592653943654,1.7290731302930757
2998.9410012422554,6.189164219227813
3717.471834536453,27.53501555402084
4608.783125358768,141.13840393788587
5714.621607688858,942.2907696802993
7086.877746324256,5909.665520245805
8790.025757720272,49867.616165740284
10904.209820924792,505052.2500650093
