1.0906674694425122e-7 0.9945452132596887
1.3798437244440986e-7 0.99534163654564
4.2435138061696836e-7 0.9975430621300267
7.07590918476903e-7 0.9981378538123649
9.890983217940203e-7 0.998462497679235
1.2694189034695573e-6 0.998677828706744
4.040779598580384e-6 0.9995415936704184
6.784371058691999e-6 0.9998745178106269
9.513710079719941e-6 1.000077636882751
0.000012233639572281847 1.000220610561252
0.000023057171135974678 1.000553735497863
0.00003382814614910783 1.0007357794347231
0.00004456802110309876 1.0008574967318644
0.00005528650707346055 1.0009474711060813
0.00006598905387221875 1.0010181674613743
0.0000766790988789758 1.0010761084270285
0.000087358982414145 1.0011248822162044
0.00009803038716642036 1.0011668521166976
0.00010869457481427285 1.0012042067689841
0.0002150843806290355 1.0014358174425155
0.00032121909924415036 1.0015748034311627
0.00042721752132937385 1.0016838473110201
0.0005331276964169908 1.001778438951172
0.0006389748302691368 1.001865955889461
0.0007447741152676428 1.0019493441026244
0.0008505355497188687 1.0020300289727264
0.0009562661310075527 1.002108964420204
0.0010619709838218686 1.0021870080200899
0.0021206494348969475 1.0030166818468498
0.0031735955822314475 1.003720546029921
0.0042334384595284595 1.0045658793244747
0.005283561331992628 1.0052833904933896
0.006345345269739894 1.0061408060196004
0.007393185004715675 1.0068650121011993
0.008447844111521136 1.0076576929449232
0.00950259291715656 1.0084513844070075
0.010557370003411426 1.009244439376651
0.02110854630766515 1.0170741922308384
0.03166843445858374 1.0246050673854257
0.04223849525193745 1.031788017686556
0.05281936070852539 1.0386159713079552
0.06341141090664777 1.045106146091056
0.07401491970341943 1.0512616940876156
0.08463010874759512 1.0571023273405113
0.09525716891833695 1.0626423577626976
0.10589627089114673 1.0678961765601773
0.21297731270909961 1.107421398427486
0.32134488386153137 1.1296109444037408
0.43095705618406716 1.1403385129536157
0.541726722075884 1.1431404591589285
0.6535591477166766 1.140310146389895
0.7663607063769278 1.13341067152386
0.8800421773579526 1.1235475412814675
0.9945204159495245 1.1115225448731867
1.1097190580740923 1.0979276963853886
2.2889626710485063 0.9369713586003638
3.494614818817055 0.7925011689171433
4.710817789391691 0.6779013364969578
5.931297184783414 0.5876199899896968
7.153258450987537 0.515601885961417
8.375347009217514 0.457242908933072
9.596870685954856 0.4092309410025737
10.81746721572083 0.3691871777219957
12.03720850617747 0.33537528197219096
18.115943660056683 0.22453293738802854
24.165698424705152 0.16454306130878457
30.19025203782357 0.1278042035067047
36.19327645535041 0.10338761123919622
42.17765510150627 0.08618615521056641
48.14565007224383 0.07352873821134674
54.09904810085247 0.06389270179566772
60.039293175416226 0.05635293623033194
65.96758085028515 0.05032259473363686
71.88491102711369 0.04541119550715586
77.7921302991935 0.04134282608745894
83.68996884537324 0.037931671918738995
89.57905790990421 0.0350369725505433
95.46213829296364 0.03255621689163254
101.33314077143359 0.03041143811011654
107.19905981531831 0.02854193221591747
113.05809907460308 0.02690156442233166
118.91061037668507 0.025453553876195738
130.59729311919656 0.023020032506883614
143.42656357840144 0.020892107114539486
157.51003908820803 0.019038302288101053
172.97025547269143 0.017430702356309072
189.94173858105282 0.01604618692151928
208.57218245520335 0.014864179143151711
229.02374307842655 0.01386895598275959
251.47446249307689 0.013047447198474938
276.1198296423966 0.012390938397960245
303.17450126945397 0.01189478636612038
332.8741888628944 0.011559466426979761
365.47773587383784 0.011390222658926254
401.26940169991036 0.011400130264523892
440.5613568970144 0.011609156162546208
483.6964708746873 0.01205419414961069
531.0513144263953 0.012784517331248638
583.0395094093093 0.013875725423505085
640.1153911958561 0.015439866829758219
702.7780396779469 0.01763991556443524
771.5757189652677 0.020722828924497044
847.1107296341083 0.025053378459252033
930.0447876625465 0.031196573202707398
1021.1049301132848 0.04004114937841869
1121.0899792927726 0.0529838953831179
1230.877640981981 0.07230211656548113
1351.4324153483876 0.10176584385807101
1483.8141581395014 0.14759292075335903
1629.187588862344 0.22087603541718995
1788.8327076502662 0.34072505864702696
1964.156267218645 0.5417168822661819
2156.7043838561785 0.8904680101009398
2368.176410253336 1.5025639658498195
2600.440184445055 2.6314134807544782
2855.5487483719735 4.7179897902237595
3135.7588402855044 8.745184069343887
3443.5518410217273 16.584057820601636
3781.6544728779686 32.51178079475729
4153.064492707976 66.04836008100041
4561.07826014469 137.3847849800194
5009.319220027949 294.27113769051357
5501.770655185238 650.5454408920006
6042.812664958208 1477.8653205316814
6637.260444325287 3455.299804306668
7290.408268948742 8305.98283681057
8008.077568284201 20529.768997993568
8796.670024901243 51582.91077808391
9663.221202390594 134249.629159
10615.47000097092 357537.37841069314
