1.1108083972043245e-09,1.0720575169864193
1.382069024925863e-09,1.0117247945867458
1.7195712523693864e-09,1.03489989419475
2.1394934492157024e-09,1.0479853086715067
2.661959673581734e-09,0.995525723729475
3.31201052906205e-09,1.0836374978618608
4.120806478558853e-09,1.0542078716016599
5.127111126097143e-09,1.0092505961076677
6.379158286551221e-09,1.0154620661874465
7.936954475677959e-09,1.1229171074981035
9.875164335784295e-09,0.9805984989447157
1.2286694160561553e-08,1.0061309439147614
1.5287115918384204e-08,0.9994312877734816
1.9020231357575205e-08,1.031947677545305
2.366498894470424e-08,1.0507870298834046
2.9444019089153095e-08,1.0041376320620536
3.6634251867228515e-08,1.0219937257345433
4.558039783052681e-08,1.019009857907081
5.6711153979276366e-08,1.003458604275497
7.056004636470459e-08,1.023127420013485
8.779087291334673e-08,1.05322942038314
1.0922951714926126e-07,1.0301715729281484
1.3590342002259266e-07,1.0083605428415965
1.6909120991948344e-07,0.9595185138754232
2.1038350051384817e-07,1.0271877893300145
2.6175917323402493e-07,1.0113486871984712
3.256812011123862e-07,1.019476221843972
4.0521283832623896e-07,1.0355886016030096
5.041660110123732e-07,1.098189323759664
6.272839903205551e-07,1.0046842347483442
7.80467286353908e-07,1.0383005218486212
9.71056844910804e-07,1.0674176589626614
1.2081912805613944e-06,1.0585821873777124
1.5032345068362158e-06,1.067109862259126
1.8703238475695478e-06,1.089519157413102
2.327059182504885e-06,1.0589176459195406
2.895328871932675e-06,0.9855666025150223
3.6023681163029612e-06,1.0203127833718586
4.482074695788666e-06,1.0168969414448494
5.576600418332806e-06,0.9980316673786855
6.9384141665261534e-06,1.0152887168652867
8.632782958750575e-06,1.028221476997923
1.0740914494647872e-05,0.9974842839118002
1.3363866896777618e-05,1.0507128113755924
1.6627368766013692e-05,1.0686949068121452
2.0687774107109523e-05,1.0848994647433248
2.5739767557035487e-05,1.0089777670921842
3.202548141838673e-05,1.0053922147579184
3.984615980842813e-05,1.0227482768659526
4.957670940669056e-05,1.0579944773587455
6.168349433603857e-05,0.9974181892790744
7.674678238264892e-05,1.0061394692584111
9.548867287078805e-05,1.014215825697138
0.00011880726942249182,1.0425496944948038
0.00014781951508865664,0.9935122056466821
0.00018391737249106674,1.0501789306469842
0.000228830094454947,1.1078803994208002
0.00028470995163804984,1.1091457255525867
0.00035423254836156206,1.1645045345815626
0.0004407311610969915,1.1344529815733768
0.0005483425317405108,1.162464957254466
0.0006822523813161638,1.1819725126531946
0.0008488777286707725,1.2577194619023322
0.001056185720824322,1.2419168347821399
0.001314062909465651,1.330537960818799
0.0016349702886020428,1.3265620800945837
0.0020342769172538356,1.411282072504652
0.002530908076979675,1.4175225849343958
0.003149090215131306,1.521893743093399
0.003918018548009763,1.565030263221099
0.004874565162732967,1.5707002712191633
0.006064819766854913,1.5882687463754697
0.007545906032564983,1.6459690914871374
0.0093882619033592,1.7962352731658067
0.01168052144126099,1.682101559667896
0.014532362567506101,1.6974079585455044
0.0180792858652782,1.8392420765083592
0.02249341588713833,1.809939385881957
0.02798330225449432,1.7385235340436827
0.03481175585292116,1.8666243436550347
0.04330404660230017,1.7303757552430883
0.05386701912141049,1.632177796239645
0.06700001149231877,1.7628650450889678
0.08332972568709486,1.7491889101411002
0.10362821704411529,1.8085160825373197
0.12884982761952843,1.7178118991324707
0.16019627365895162,1.7199175774138948
0.19913494466181045,1.759738393166227
0.2475025028336865,1.8411458613404559
0.3075671755457191,1.7983098506688837
0.3821506609566058,1.81329067365795
0.47477541177808513,1.9017883096676322
0.5897985729595924,2.0400965374070252
0.7326641692984596,2.01340769232435
0.9101547358186655,2.211455172434701
1.130691344474776,2.1515494913810054
1.4048147166523774,2.5648975501618847
1.7455828333108818,2.87424299715288
2.169320145323374,2.99321837523603
2.6963068434019264,3.6414764330255514
3.351759100987508,4.374771225319189
4.16711450646613,4.915802619611731
5.1814054365377,6.55746874535261
6.443256852139595,8.284330559831965
8.013155933021308,10.968151930357642
9.96634120875716,14.792974477650962
12.396428261251625,20.22728320260153
15.419862291295686,28.044926274026093
19.181604003045816,40.54994565822337
23.86192288625223,59.29219511778446
29.68509230312983,86.54481367434684
36.93030899943612,145.9655950447862
45.94479388216738,216.55921407157888
57.16061245066647,340.03028895015956
71.11530136290524,543.7605828578287
88.47778901990988,1001.6720544087798
110.08022610506444,1512.8280933832964
136.9578541053908,2595.765504671017
170.39913688673298,4546.315884505046
212.00660576237297,7921.627367072781
263.77495552425626,13949.788977233344
328.1850243036523,26503.284677297735
408.3240555058648,50123.5127917708
508.03317639961995,86107.314182878
632.0920769998783,157190.03533579427
786.4443730467149,302519.87264468847
978.4907284556261,558806.7136948543
1217.4354623246363,1026878.3098759071
1514.7304078165573,1920598.7667745065
1884.6248919967018,3711431.000708916
2344.847082050363,6790498.756865074
2917.4562663106485,12625896.309100576
3629.8986352472907,26015357.815523215
4516.319084022085,48006664.96803104
5619.205273994005,90122415.61607519
6991.671854585116,164954831.3308117
8698.722500486621,332582379.4405023
10822.955072442248,625583286.1506842
