1.1679159892869806e-06,1.0900188339853467
1.1876615001571843e-06,1.0600253118065837
1.2713792743926123e-06,1.0389100598709193
1.411463017491054e-06,0.9670693875454781
1.6065741080552518e-06,1.0305479365058174
1.8605035045616195e-06,1.0512587932268087
2.180685318726497e-06,1.020499700322898
2.5779228339582035e-06,1.0046602802131304
3.066474212481316e-06,1.0378821108605394
3.6643539109688705e-06,1.0275573306367034
4.393935726735862e-06,0.9741010342101881
5.282693283021428e-06,1.0667849988784273
6.364304726607464e-06,1.0119453029231997
7.67981631458954e-06,1.028911691995789
9.279147778039038e-06,1.0225424976052864
1.1223419048276076e-05,1.043698790680044
1.3586419296499309e-05,1.0873272443196633
1.6458528006478144e-05,1.036327593140435
1.9948994813293445e-05,1.040359588690759
2.4191252078839803e-05,1.0614436692630722
2.934726802574401e-05,1.0040117877807797
3.5613823900942024e-05,1.0346535813659838
4.3230433623475334e-05,1.0567118971122638
5.2488187598368144e-05,1.015320061292844
6.374107504984871e-05,1.016966907334731
7.74195037036965e-05,0.9492665212538665
9.404503475979685e-05,0.9575777466055163
0.00011425653823482558,1.0936133051248103
0.0001388264749496531,1.014908381963651
0.0001686963912820769,1.0436071237602482
0.00020501110083972633,1.06502543244816
0.0002491641550662611,1.0402673003123006
0.0003028510403939758,1.0286574613174366
0.00036813293678541553,1.0141535344219592
0.00044750560062180593,0.9473862826502555
0.0005440316358985887,0.9835742597539164
0.000661442372910787,1.0303838784366297
0.0008042528795265455,1.024750820914719
0.0009779739509217838,0.974229914192682
0.001189320937040955,1.0312062101277577
0.001446480557810034,0.9749812469777733
0.001759405499610097,1.0207622078541028
0.0021402564714088804,1.000082096216674
0.0026038257688786176,0.9986731811584623
0.003167935422698829,0.9859238805364421
0.0038545022382596773,1.0842566007642949
0.004690903099936836,0.9740198117131958
0.005708556709591308,1.0090838568557572
0.006948048859402053,0.9530749557807114
0.008457738696838158,1.000493833980177
0.010296581803956194,1.021487847427487
0.012536179419145524,0.963532750548032
0.015265074333311802,1.0014649940181968
0.018590191236269534,0.9966420950884954
0.02264057799706292,1.0294400299795003
0.027577193019602396,1.0293874736141377
0.033595739215613186,1.0380478727901412
0.04093240711268486,1.0396735395811814
0.04987675237245793,1.0608149577409753
0.06078785875510756,1.0648930131432546
0.07409611594632359,1.0256738476623113
0.0903361108925921,1.013045584328348
0.11016535142152442,1.0811746913407798
0.1343833730395777,1.0601490164565532
0.16397271671543376,1.0605562671970188
0.20015333233596494,1.0688628077041697
0.2444117843064523,1.0560823356364295
0.29859457751962504,1.1399117579195857
0.3649719007981771,1.1338712983722967
0.4463377440534101,1.1610042854763785
0.5461297765262634,1.1197732128601037
0.6685801022931804,1.1321681645225459
0.8188687015763015,1.075439948630298
1.003313614595203,1.0549400593557259
1.2295953733398666,1.0278107033995623
1.5070111224364469,1.029014656374099
1.846776852217781,0.9788999353469562
2.2624339052055693,0.9545622721942112
2.770232009738131,0.8338292019095982
3.3897633308001938,0.8430686095602847
4.144675211697342,0.757900533206758
5.063529895879744,0.6885686257977348
6.180941093869957,0.6223145520843261
7.538836596884132,0.5886371837169768
9.188151614242017,0.4955822348386337
11.190799349173291,0.5180573001636062
13.621911636863036,0.49146385348257365
16.573030082207968,0.4411895504395278
20.15526752083959,0.45421812231666847
24.503946719487686,0.48178365754651997
29.783660645367046,0.5174873022219615
36.19434288157657,0.6125699469512391
43.97962579635711,0.7637268022287181
53.43567763574976,1.0655820776255644
64.92305638311974,1.6753487841216608
78.88040745063786,2.683358449414621
95.8419156086125,4.802512036385495
116.45724878102038,10.075799345172511
141.51862139665997,21.603896262383074
171.98898283046302,53.45589412748655
209.041788094878,145.70936496749258
254.10575554466715,417.16756283435797
308.9212113849409,1319.6177730762338
375.60656158999683,4648.188355748457
456.7446794012556,18143.265435211586
555.47770709998,77815.68667688812
675.6353379318411,346188.42263059
821.8800164408839,1733553.9733922726
999.8950449292813,9281688.3181872
1216.601793401954,51116156.64658487
1480.4292526487159,322516187.11929715
1801.645992836934,2012391542.2041743
2192.763553502629,14357757801.307749
2669.019820874631,102996298669.98492
3248.979535231253,775760566116.5344
3955.249814498222,6155928586631.091
4815.381728578658,52691632770133.36
5862.928344313351,470532419717376.0
7138.766008620309,4341521079705461.5
8692.664064857805,4.18568146194836e+16
10585.279890294105,4.37179803794422e+17
