15.42349960146243,1e-07
15.4238852173523,1.2188141848422898e-07
15.424078028912637,1.485508017172775e-07
15.42434314874368,1.8105582430271218e-07
15.424399386869458,2.2067340690845898e-07
15.424656478055617,2.6895987855750436e-07
15.424656478055617,3.2781211513934583e-07
15.423628139021165,3.9954205589498865e-07
15.424656478055617,4.869675251658631e-07
15.424656478055617,5.935229272296986e-07
15.425684885652482,7.233941627366747e-07
15.424527931926894,8.816830667755708e-07
15.42459220485735,1.0746078283213176e-06
15.42459220485734,1.3097472643005896e-06
15.424527931926894,1.5963385442879422e-06
15.424527931926894,1.945640061588636e-06
15.424463659264266,2.3713737056616552e-06
15.424399386869458,2.89026391002245e-06
15.424270842883283,3.5226946514731013e-06
15.424270842883283,4.293510210083482e-06
15.42414229996837,5.232991146814947e-06
15.423949487604599,6.378043838892178e-06
15.42414229996837,7.773650302387758e-06
15.423628139021165,9.474635256553754e-06
15.423628139021165,1.1547819846894583e-05
15.423113995213418,1.4074646633398434e-05
15.423049728442535,1.715437896342879e-05
15.422792664036951,2.0908000412787182e-05
15.422407075462226,2.5482967479793464e-05
15.4221500217681,3.105900223624705e-05
15.421828710675431,3.7855152492586296e-05
15.42144314620072,4.613839682733214e-05
15.420929075229301,5.623413251903491e-05
15.420254383085139,6.853895838650083e-05
15.420591725467276,8.35362546957826e-05
15.420029492263595,0.00010181517217181818
15.419547594404536,0.00012409377607517196
15.418937212069126,0.00015124725453106232
15.418230483761155,0.00018434229924091104
15.417202573138239,0.00022467900918126443
15.415725071676711,0.00027384196342643616
15.41412326676643,0.0003337624694292038
15.414761810959567,0.0004067944321083047
15.415339659800392,0.0004958068241684656
15.413998822726612,0.0006042963902381328
15.412513600451437,0.000736525012271228
15.410779684180405,0.0008976871324473142
15.40833968803417,0.0010941138105771857
15.404359471032407,0.0013335214321633238
15.399305937069682,0.0016253148373118645
15.39178361098354,0.0019809567785503386
15.38178960287759,0.002414418221256639
15.375565663776014,0.002942727176209282
15.371209604277624,0.0035866376244847687
15.352454223290774,0.00437144481261109
15.345994363154833,0.005327978945865641
15.331341844700919,0.006493816315762113
15.310673183225385,0.007914755439411161
15.285175089742276,0.009646616199111991
15.257780208910939,0.011757432659207109
15.22039042286082,0.014330125702369627
15.1747031491248,0.01746576047662118
15.128337503597022,0.021287516617963725
15.069517315723296,0.025945527214040153
14.993496076841348,0.03162277660168379
14.904982061264691,0.03854228868623106
14.802822457637832,0.04697588816706492
14.674776755858842,0.05725487884358379
14.526807053140077,0.06978305848598663
14.350204691259396,0.08505258154439962
14.136083475478182,0.1036632928437698
13.88420858481788,0.12634629176544684
13.59245139702731,0.1539926526059492
13.252468139813299,0.18768842935762187
12.865982982528783,0.22875732003183957
12.429680340292439,0.2788126665413133
11.945394323168884,0.3398208328942559
11.417907288689639,0.4141784514364405
10.854048347167376,0.504806571666747
10.26149084145627,0.6152654101490372
9.650155785736144,0.7498942093324559
9.030849673780782,0.9139816994654905
8.41400363417041,1.1139738599948024
7.809085661916777,1.357727142105184
7.22404041344546,1.6548170999431815
6.664496759238053,2.0169145547303304
6.134982805219358,2.458244068920197
5.637915911761942,2.996142741004364
5.174220783758707,3.651741272548377
4.7438383302892015,4.450794062355996
4.345817232393761,5.424690937011325
3.9788277239239562,6.6116902624148155
3.641130225390379,8.058421877614817
3.3308127331956374,9.821718891880378
3.0460516638433006,11.970850304957299
2.7848627458661177,14.590242156305605
2.545491983457544,17.78279410038923
2.326166966260404,21.673921695684175
2.1252534558119343,26.416483203860924
1.9413066249000286,32.19678444251379
1.7728870941017247,39.241897584845354
1.6187264403863793,47.828581416537915
1.4776324356661852,58.29415347136074
1.3485274204410265,71.04974114426787
1.2303999397304322,86.59643233600653
1.1223579350925517,105.5449600878603
1.0235231176832456,128.63969449369745
0.9331577081741816,156.78788438269703
0.8505488845455262,191.09529749704404
0.7750504443999786,232.9096592460546
0.7060638012438861,283.8735964758755
0.643053946013527,345.98916608699324
0.5855031135758892,421.6965034285822
0.5329692361838672,513.9696800771513
0.48502653840015625,626.4335366568855
0.44129462271799935,763.5060803383345
0.40140916676734667,930.5720409296989
0.36504356389313114,1134.1944035027568
0.3319017443679275,1382.3722273578996
0.30170867036953203,1684.8548794358387
0.27420863166402387,2053.525026457146
0.24917051676682686,2502.8654311746077
0.2263801319740687,3050.5278902670257
0.20564453139488187,3718.0266639144743
0.18678117447240483,4531.583637600818
0.16962619587766137,5523.158417307099
0.1540282889878969,6731.703824144982
0.1398522268954505,8204.696109024992
0.12696892213305788,10000.0
