1.0716752780727755e-09,1.0430918655529653
1.3333788380672187e-09,0.9991555563115929
1.6589911497341812e-09,1.0345884044458427
2.064120632898988e-09,1.0327768960143047
2.5681783087197786e-09,0.9952332441379151
3.195330368399004e-09,0.995115355200881
3.975631407595077e-09,1.0417007342650138
4.9464860517631854e-09,1.0018604564211173
6.1544200551170145e-09,1.0180376846723622
7.657338603530444e-09,1.028261787646698
9.52727390979676e-09,0.9808744082128431
1.1853829254301876e-08,0.996942113529274
1.4748539412118235e-08,1.0159214253475948
1.835015993695984e-08,1.0434222920063183
2.2831268143728885e-08,1.0140306258280198
2.8406705921464954e-08,0.9945401414294247
3.534363560398152e-08,1.0014503214863708
4.3974633285046704e-08,1.0174232570938297
5.471323665138416e-08,1.0375529660075364
6.807425815398879e-08,1.0212632791884282
8.469802089010841e-08,1.0447431513246477
1.0538139356232905e-07,1.0213361301670114
1.311156243169159e-07,1.049131035352225
1.6313417715166285e-07,1.0130937616574407
2.029716698013115e-07,1.0164728867536392
2.52537556791507e-07,1.0110357056790735
3.142073338554495e-07,1.0200749821639048
3.9093719277111774e-07,1.0128422608524492
4.864042171344732e-07,1.0493607293258564
6.051847867475075e-07,1.0003007811434415
7.529708722409887e-07,1.0020246127453216
9.368477299507282e-07,1.033246658011526
1.1656267601801254e-06,1.016797277657206
1.4502738198070758e-06,1.0430221217477536
1.8044312378703155e-06,0.9587617560587474
2.2450752913514418e-06,1.00928769488703
2.793326126941776e-06,0.987990912173347
3.4754573089949157e-06,1.0595737542601154
4.32417000796935e-06,0.9878724540648202
5.38013561379891e-06,0.9614376414911808
6.693966098233546e-06,0.9336509104033254
8.32864036824383e-06,1.088126443559039
1.036251535991368e-05,1.1086234264287147
1.2893047487500301e-05,0.9923975888326111
1.6041529858428855e-05,1.0531398198513164
1.9958900375431876e-05,1.0344413017001215
2.4832869029171658e-05,0.9445490518587089
3.0897093424981875e-05,1.012989345483392
3.8442230199348816e-05,0.967645013118073
4.7829850899526267e-05,1.0195880683992615
5.950998321613495e-05,0.9878971077513409
7.404240177152422e-05,1.0392603918668153
9.212369212410598e-05,1.0199521956596431
0.00011462054400953112,1.0458507068240348
0.00014261105046307695,1.0124657007992213
0.00017743708909861088,1.0991417942498927
0.00022076780255997464,1.035488975144252
0.00027468023227605214,1.0577756733988106
0.0003417579603444694,1.0707728901140172
0.00042521666522935843,1.0868784331632393
0.0005290576056271872,1.1005462274081494
0.0006582754938309969,1.0904592754746796
0.0008190305062272036,1.120236870130925
0.001019050306180401,1.1738306873728066
0.0012679124477443591,1.191878590144632
0.00157755392689665,1.303745593533676
0.001962752590376391,1.3026987922198652
0.002442096760432333,1.3534466029788579
0.0030385526238521955,1.3796198870501615
0.0037806983680928555,1.3731683961357894
0.00470399431385206,1.529429826101604
0.005852971391885724,1.5393628440136917
0.007282451576304092,1.5361233269245722
0.00906162604937477,1.665084702540853
0.011275123910127353,1.6084557726422584
0.014029596180693724,1.7099323853919934
0.0174571251837563,1.6521973443798503
0.02172275480305808,1.7283252010502081
0.027030481365931242,1.737779474659064
0.03363591518671848,1.6645727028816297
0.04185712259518877,1.8131452865886613
0.052088900000441224,1.7272630439661234
0.0648242543710267,1.6990604235692102
0.08067360503498279,1.8129582215072697
0.10039443266676218,1.7655117275336512
0.12494302855307082,1.69911597209552
0.1554875373651161,1.766064580690615
0.19348533933516318,1.7508673535636965
0.24076086945175323,1.7248182681441782
0.29956245188622815,1.8984435694546486
0.372671136513903,1.7922880456976757
0.46357773581611533,1.8221337022754336
0.576579872943388,1.9425089026772313
0.7170406406121569,1.951019783810867
0.8916184833206394,2.1362715135851356
1.1085962575146138,2.3262988236863236
1.3782976034424672,2.5234438310910945
1.7135681822553912,2.557994288029711
2.13041025086761,3.106861173228877
2.648761649218098,3.5286705179924795
3.2934426673542307,4.0986911820087535
4.0953877856213,4.910946518001064
5.093141526070315,6.554430528238044
6.3347073822051705,8.184260306242049
7.879889851310394,10.814218525051087
9.803151177561698,14.267310043410776
12.197254261286082,19.97199345444984
15.177688127465457,28.417337121745188
18.888275016623272,42.202198221064506
23.508089106057476,60.34517780146815
29.260053988642387,87.03317203401942
36.42167952534741,138.1208311298256
45.338908092275034,209.7594000149645
56.441343725868435,342.9097329524952
70.26475926310324,564.8659063879919
87.4756488372927,898.3394104032022
108.90398395647465,1586.8832537241308
135.58136198900436,2688.1373268982225
168.79393705011665,4699.67885151464
210.14077401190698,8211.7116061902
261.6122678550208,13922.557866604642
325.6866903233626,27242.398530278577
405.44527018041106,46270.10996834368
504.7247680885277,85540.3637626908
628.2988913921687,156696.0679739094
782.1067182993612,296865.76185705606
973.5409372122303,558342.4043605025
1211.7974747413853,989770.1711290493
1508.3204289669122,2051302.2821292116
1877.35235759884,3749125.5181818423
2336.607036580052,7477975.907862921
2908.1342664686213,13752723.878811633
3619.3648012904528,25624714.965173822
4504.43162978225,50393275.304798074
5605.805172711865,90111163.38141641
6976.326199384556,181829729.530308
8681.748294394307,324392528.6646458
10803.876301996237,630996457.5700717
