2.870577044187835e-08,1.0308402127371363
3.062755693184958e-08,1.028270432160593
3.424725375452235e-08,1.0235898897761966
3.950676746767029e-08,1.0025164438824974
4.65300115455454e-08,1.056355569145915
5.556942399440704e-08,1.0393676350834702
6.700460675839077e-08,1.035081329108468
8.134076703316284e-08,1.0400664305725074
9.923071308924097e-08,0.9798316495940954
1.2149250607432714e-07,1.0155887565213673
1.4914912947060343e-07,1.0744828933447963
1.8348516485851098e-07,1.0580196341565107
2.2609146468811088e-07,1.0476595558407429
2.7894352249396733e-07,1.0297795222692845
3.445074187041891e-07,1.0263324512058818
4.258252565366477e-07,1.0702864940306573
5.266821658350067e-07,0.9890715653446899
6.51778113806575e-07,1.018950733015611
8.069377389151842e-07,1.037597923033505
9.993962220701576e-07,1.0475952938670126
1.2381230811260131e-06,1.0066115580172617
1.534251033526659e-06,1.0782249916490243
1.9016015667837957e-06,1.0364464897804146
2.357308911945533e-06,0.9970042297027166
2.9226662310474525e-06,1.0103905101441675
3.624078033426041e-06,1.0032274901498142
4.494313896731188e-06,1.0351953024862153
5.574107191612799e-06,0.9945567576142548
6.913989230638378e-06,1.0438249247059088
8.57672911040669e-06,0.9765657601934111
1.064026315254464e-05,1.0427446787240982
1.320150470654418e-05,1.0690851347381518
1.638071071669807e-05,1.049926199438028
2.032742475752961e-05,0.9697427234383272
2.5227535792301698e-05,1.0615297827135772
3.131190495352795e-05,1.0158500173726281
3.886765379716289e-05,0.9973805713663845
4.825172281876135e-05,1.012569119871008
5.9907837695953505e-05,1.0253979701294231
7.438783213388013e-05,1.0270606383624707
9.237760510426055e-05,1.016520897293018
0.00011473061677755444,0.981807827871083
0.0001425079331016024,1.0531483024613117
0.00017702920312613908,0.9907029531241217
0.0002199356986246155,1.006624142385206
0.000273268606671965,1.056291214576068
0.00033956738198067385,1.007481012201286
0.0004219909886545001,0.9995229732719926
0.000524480043553812,1.0406361115858704
0.0006519387160130644,1.0326461286586393
0.0008104113292831253,1.0455416214437385
0.0010074345353814225,1.0027106505262227
0.001252548845949451,0.9663650975622884
0.0015573039106412505,1.1198998953537374
0.0019364651752796233,1.0285894481951239
0.002408039829669132,1.005818902015607
0.0029945587853171746,1.079352196153664
0.003724083768735051,1.0239708578458546
0.004631844194060321,1.0426159104561505
0.005760918326269135,0.9076501256092903
0.007165580284636886,1.0313363511488267
0.008913577939010296,0.9888227553648093
0.01108792591569019,1.0687837149132524
0.013793804755427862,1.0515066413757732
0.017161590991889394,0.9947806891126618
0.021352044813327888,1.061961247469648
0.026568015868824443,1.027857772775439
0.033060990605670235,1.0396231301757104
0.04114541020150438,1.0630951317344617
0.05121087260931003,1.0420906231799172
0.06374949231067648,1.053881837627464
0.07937303464061539,1.0719256433961486
0.0988451707706487,1.0310110602565803
0.12312508577633835,1.0840721071630064
0.15342521261615918,1.0869075992469865
0.1912626657223252,1.1216212485778265
0.23855860932749529,1.0573450389436376
0.29773852805882506,1.1043355423124313
0.3718767077527491,1.125628036536471
0.46486965551074705,1.165736904841843
0.5816517155190704,1.1844450560353579
0.728473050803974,1.1780838146896795
0.9132196391357639,1.0899898014216303
1.1457964469441375,1.0715202093406349
1.4385873378402243,1.0944970207825784
1.8069679821586528,0.9722424038320975
2.269938704180675,0.9754588757500018
2.850890634415624,0.9138632781958891
3.5785790852046775,0.7973037581188532
4.488380465547771,0.6940985045383135
5.6238204833560115,0.5868824024241537
7.038614764383168,0.5198880404566886
8.799096142041712,0.4356601395240649
10.987389716475306,0.36724788343600195
13.705078306208446,0.2983680497257288
17.078047746990613,0.23443348300684508
21.26219674679655,0.18654365561787745
26.450901468698408,0.15108837169481154
32.88315441428912,0.12148021900632533
40.855386865439215,0.09068184216406133
50.734658939456125,0.06573909687574986
62.97534468321054,0.05396719135304157
78.14034214634323,0.03915756640807424
96.92659330938199,0.032749938538211114
120.19692497436186,0.025415610175554715
149.02047591766419,0.02141407511706858
184.72099024230548,0.016896037660569182
228.93872309395553,0.013351776360718956
283.70559376109054,0.01279211228537113
351.5397160366626,0.01169653538349076
435.562074896581,0.01142790035637798
539.6417703458326,0.013238821734851618
668.5774609012644,0.015770129923349835
828.319548370142,0.02422109459003603
1026.251600477577,0.04081658221085257
1271.5334241266874,0.07889858838120435
1575.5386063319631,0.1873874794196551
1952.3815689625233,0.5333279571101056
2419.592653943654,1.7172161817831018
2998.9410012422554,6.746089321194059
3717.471834536453,27.54218817912462
4608.783125358768,146.19055165479702
5714.621607688858,942.349108982584
7086.877746324256,5991.872450191153
8790.025757720272,48530.24099558333
10904.209820924792,499693.0216261162
