1.0906674694425122e-7 1.008847798197638
1.3798437244440986e-7 1.0088468129815709
4.2435138061696836e-7 1.0088371518303232
7.07590918476903e-7 1.0088274637412316
9.890983217940203e-7 1.0088098028965948
1.2694189034695573e-6 1.0088020933027588
4.040779598580384e-6 1.008728530200854
6.784371058691999e-6 1.008659790717894
9.513710079719941e-6 1.0085906038823007
0.000012233639572281847 1.0085286888502942
0.000023057171135974678 1.0082749463703484
0.00003382814614910783 1.0080252877020421
0.00004456802110309876 1.0077808229289855
0.00005528650707346055 1.0075530288842456
0.00006598905387221875 1.0073246724080966
0.0000766790988789758 1.0071007581620843
0.000087358982414145 1.0068783020463505
0.00009803038716642036 1.0066624691113928
0.00010869457481427285 1.0064393807366183
0.0002150843806290355 1.0043501022880943
0.00032121909924415036 1.00238777611231
0.00042721752132937385 1.0005160767236856
0.0005331276964169908 0.9987168507210396
0.0006389748302691368 0.9970099206168881
0.0007447741152676428 0.9953704262872177
0.0008505355497188687 0.9938080707673964
0.0009562661310075527 0.9923082310005118
0.0010619709838218686 0.9908743352669062
0.0021206494348969475 0.9797728591570481
0.0031735955822314475 0.9726169710402112
0.0042334384595284595 0.9684649694791246
0.005283561331992628 0.9656611181986837
0.006345345269739894 0.964420943360581
0.007393185004715675 0.9634697807590772
0.008447844111521136 0.9632756434660734
0.00950259291715656 0.9634626464851272
0.010557370003411426 0.9639093222011158
0.02110854630766515 0.9736217046763116
0.03166843445858374 0.9848193860163884
0.04223849525193745 0.9953346866477975
0.05281936070852539 1.005024817286235
0.06341141090664777 1.0139665425479976
0.07401491970341943 1.0222462757998398
0.08463010874759512 1.0299397802048085
0.09525716891833695 1.0371085804265192
0.10589627089114673 1.043805890262648
0.21297731270909961 1.0918931184098275
0.32134488386153137 1.1178421815929114
0.43095705618406716 1.1305935585912064
0.541726722075884 1.1346416418579237
0.6535591477166766 1.1326546273395763
0.7663607063769278 1.1263671413834138
0.8800421773579526 1.1169724190659682
0.9945204159495245 1.1053201494215363
1.1097190580740923 1.0920334535642542
2.2889626710485063 0.9327664168885929
3.494614818817055 0.7891987850878103
4.710817789391691 0.675225112065665
5.931297184783414 0.5854063705470292
7.153258450987537 0.5137409288067225
8.375347009217514 0.45565697305811975
9.596870685954856 0.40786356160312504
10.81746721572083 0.3679962584030843
12.03720850617747 0.33432876036041453
18.115943660056683 0.22392615949555517
24.165698424705152 0.1641470498047909
30.19025203782357 0.12752485713955686
36.19327645535041 0.10317947430178337
42.17765510150627 0.08602456180678694
48.14565007224383 0.0733994157962253
54.09904810085247 0.06378642610572381
60.039293175416226 0.056263623257775466
65.96758085028515 0.050246364278481365
71.88491102711369 0.04534516354310546
77.7921302991935 0.041284959397532434
83.68996884537324 0.03788037756916338
89.57905790990421 0.03499100673608289
95.46213829296364 0.03251475706798402
101.33314077143359 0.03037371290130925
107.19905981531831 0.0285074509222362
113.05809907460308 0.026869790445631977
118.91061037668507 0.025424177054831524
130.59729311919656 0.022994497884202474
143.42656357840144 0.020869726067694643
157.51003908820803 0.019018694030105317
172.97025547269143 0.01741336341344675
189.94173858105282 0.01603078221294988
208.57218245520335 0.014850418054456173
229.02374307842655 0.013856382851467093
251.47446249307689 0.013035934272674833
276.1198296423966 0.012380262746963466
303.17450126945397 0.011884756445552275
332.8741888628944 0.011549868589023873
365.47773587383784 0.011380923373773845
401.26940169991036 0.011390946657134709
440.5613568970144 0.011599948287387401
483.6964708746873 0.012044719481353943
531.0513144263953 0.012774602296405093
583.0395094093093 0.013865060494668442
640.1153911958561 0.01542812333942275
702.7780396779469 0.017626678620913647
771.5757189652677 0.020707532423561294
847.1107296341083 0.025035163110444444
930.0447876625465 0.031174342905218793
1021.1049301132848 0.04001331156777522
1121.0899792927726 0.052947932848664496
1230.877640981981 0.07225438896687619
1351.4324153483876 0.10170070330207394
1483.8141581395014 0.1475015206569907
1629.187588862344 0.2207438988957898
1788.8327076502662 0.34052862254060134
1964.156267218645 0.5414163233117181
2156.7043838561785 0.8899932050859946
2368.176410253336 1.5017949086407567
2600.440184445055 2.6301227924020902
2855.5487483719735 4.715772378379733
3135.7588402855044 8.741250346654851
3443.5518410217273 16.57692498745887
3781.6544728779686 32.49842226437739
4153.064492707976 66.02242755599704
4561.07826014469 137.33332749065235
5009.319220027949 294.1659632514946
5501.770655185238 650.3237205953294
6042.812664958208 1477.385239364165
6637.260444325287 3454.2300303363377
7290.408268948742 8303.53222942764
8008.077568284201 20524.00275567056
8796.670024901243 51569.11653156118
9663.221202390594 134215.45740432647
10615.47000097092 357450.7657980403
