1.2317756138481366e-09,1.0286708813286607
1.532576326087771e-09,0.9794423634914385
1.9068293581912486e-09,1.0137332997583333
2.372483136940036e-09,1.053214623001866
2.9518443022597596e-09,1.0533701873862622
3.6726822995608383e-09,1.0105087354182236
4.5695587911581164e-09,1.0479461830031076
5.6854543460100325e-09,1.0559675406563858
7.073828010883843e-09,1.0062539706512292
8.801271198748788e-09,1.0653884619305516
1.0950529506266631e-08,0.9775507496276643
1.3624733314326575e-08,0.9928298169805772
1.695179696457992e-08,0.9947669673416745
2.109149874965677e-08,1.0643489799516388
2.624215748008693e-08,1.0396699663844473
3.265039639293093e-08,1.063829703364191
4.0623503752437774e-08,0.9944353586428387
5.0543937920021845e-08,1.085854873333826
6.288666856480595e-08,1.0587727633562387
7.824418449941723e-08,1.0327717966857208
9.735099356738123e-08,1.0444199911398568
1.2112369275224727e-07,1.1156426138652409
1.5070302893392865e-07,1.0318165955745848
1.875041516379665e-07,0.9754523507180313
2.3329175718691448e-07,1.009058801305177
2.902652444420469e-07,0.997906741203916
3.611456116266235e-07,1.077047618220096
4.493374479927252e-07,1.009131031706158
5.590621617921282e-07,1.0519572805318191
6.956007980986305e-07,1.0421638997966653
8.654614491606224e-07,1.0416527707154615
1.0767958690461247e-06,1.027072442110941
1.3397512437035957e-06,1.0847699709931669
1.6669648237887538e-06,1.0813293082091862
2.0740003470390034e-06,1.0448950968460977
2.5805330331770205e-06,1.0228851597035702
3.2106495272631575e-06,1.024395594589562
3.994846716306495e-06,1.0081202287430744
4.9703277484367445e-06,1.0742647241059615
6.184468395866843e-06,0.9912239602179324
7.694673793109002e-06,1.065085356664784
9.573797467506096e-06,1.0568180906461855
1.1912591304991759e-05,1.0416268247837166
1.4821652277743057e-05,1.0508426072503554
1.8442814280083618e-05,1.074649423654649
2.2946835630815313e-05,1.0618607687485406
2.8553598136746512e-05,1.0663615175226089
3.5528266831750654e-05,1.0799210488639095
4.4210175388365024e-05,1.185165079350676
5.501443961413496e-05,1.2201888987320437
6.845868428069488e-05,1.2308430081040047
8.518980456350194e-05,1.3316236970951547
0.00010601657666681285,1.3814159167382947
0.00013193423775535398,1.420338737016829
0.0001641941429606994,1.5585468266238474
0.000204350630697059,1.6344829712927484
0.0002543224981311569,1.8993707347612825
0.000316535269868377,2.1317302470103217
0.0003939731301549682,2.462195300248923
0.0004903859138115633,2.9118455910301373
0.0006104238224011927,3.398503168991011
0.0007598300594837218,3.9339323854989967
0.0009458175672601272,4.667410588731284
0.001177415987657245,5.405695383569283
0.0014658120275408298,6.756364338323474
0.0018247651609263115,7.89923276459216
0.002271744975189891,9.938875770948659
0.0028282849086114408,11.540879354160683
0.0035207854597085193,12.615084839320481
0.004382956974797031,13.318545926546461
0.005455866327123068,15.577721066750078
0.006790462694518897,16.560687057648416
0.008450756345505742,17.814355958786376
0.010514046951003693,17.833712812552303
0.01307791644194779,18.751182542994567
0.01626098231230318,20.443874725824124
0.020209001171339634,20.347075698772233
0.025101207536663377,21.963359075654367
0.03115604282797802,19.980142543866673
0.03864052215378219,20.552493004565886
0.04787809300002691,19.802649477193935
0.05926541164906121,20.364230662822283
0.07328379428267352,19.318791446889513
0.09052100614128301,18.80126197941758
0.11170175577536239,18.174093713419257
0.13771791905933536,17.109133908771426
0.1696768672340533,16.949541940537358
0.20895066100603737,17.715935416792938
0.25727438269816244,17.785069623771808
0.3167988093477501,17.879036917536766
0.3902319642204814,18.40252802427018
0.4809499918639426,19.024237712876367
0.5931864151214024,21.21719145168338
0.7322089841081989,23.21300207494519
0.9045875203309077,26.583404477315465
1.1185442132948835,32.70506792659073
1.3842449045102274,41.77145047927894
1.7144128705438866,53.03008920384579
2.124827426711151,75.55843504816417
2.6351274800420548,107.52434311615396
3.2698052290171664,154.84045849713718
4.059215880180883,273.38892423512857
5.041200374281459,459.6701058698345
6.262816570211021,788.1959136087803
7.78261733437844,1689.9140211134425
9.673442783052154,3135.9530891407753
12.025896357167289,7248.435522531198
14.952740282547657,18345.67220091023
18.594188042051506,44563.96397441625
23.124946769841884,116431.38902993227
28.761986317426548,320527.9636997317
35.7755494912141,1038284.4341997422
44.50180338461355,3456771.0309159853
55.35889180015939,11886423.47442524
68.86721873833717,45309086.114422135
85.67426272625822,182345679.1464109
106.58601645656309,720346749.4966779
132.603113229402,3317167441.200689
164.97432623161566,15592075193.189499
205.2502790028813,77923702297.10158
255.3614957427898,394074920958.48193
317.7097084188237,1967458410289.9204
395.2831678308215,10493589045313.818
491.79978519081334,63995865398123.31
611.8855842840201,352112106025116.7
761.2957511748247,2096831808460007.5
947.1920973855003,1.2788775849277832e+16
1178.4837809589437,8.207551549544797e+16
1466.2569807350326,5.39775489462574e+17
1824.3033933519885,3.332982642127126e+18
2269.788028789817,2.1752705773253747e+19
2824.0599172159673,1.4248662090092993e+20
3513.6876769252003,9.585199977409753e+20
4371.7267597193,6.722577342449132e+21
5439.3067803856875,4.56661356901353e+22
6767.600970582795,3.1836864144865974e+23
8420.281986745651,2.1952771674749195e+24
10476.576790151108,1.5573894065417498e+25
