1.1176976964672347e-09,1.0129401333833195
1.3492279713414485e-09,1.1098925213689448
1.6287231840472122e-09,1.0364698726436468
1.9661098329207473e-09,1.0499705196516838
2.3733934794311595e-09,0.9812624535801273
2.8650368271662095e-09,1.009354872537901
3.458519190532482e-09,1.0852876056277054
4.174949168652415e-09,1.0809036781883579
5.039789570957616e-09,1.0227300338780534
6.0837815718745125e-09,1.0319897388804844
7.344020119549264e-09,1.0407559456312985
8.865333214235078e-09,0.9619474396474152
1.070179205751171e-08,1.0847286524661925
1.2918667175776627e-08,1.0231457819021557
1.559475037809263e-08,1.0535857308948426
1.8825200451200494e-08,1.0471933764516141
2.272478881041627e-08,1.0141720187484395
2.7432210629732287e-08,0.9944932582016729
3.311477089417961e-08,1.069700983758802
3.99745572574458e-08,1.0216792734086095
4.8255193619337425e-08,1.0387833998131855
5.825109662251781e-08,0.97517596317886
7.031784361810948e-08,1.0020562548111251
8.488409528134284e-08,1.0788738730120602
1.0246796063608152e-07,1.0286952342403768
1.2369417690169728e-07,0.9857390360368566
1.4931734592180766e-07,1.014762395885887
1.8024796416379586e-07,1.0647714154712917
2.175864002328691e-07,1.066247623528552
2.626595085153652e-07,1.0884092651901496
3.1706829366730904e-07,1.056941102189957
3.827487307981309e-07,1.035405566845911
4.6203672763928823e-07,1.0362300839036795
5.577446831770069e-07,1.0107686069276838
6.732823903700675e-07,1.054529873462205
8.127529935622613e-07,1.0827610895839406
9.81112210061607e-07,1.121928359674106
1.1843464811090658e-06,1.0183491174491923
1.4296835771792632e-06,0.9811598344396798
1.725839720908733e-06,1.089821172634653
2.0833423245033737e-06,1.0199617343032161
2.514902116614393e-06,1.0504005851561906
3.035866124953439e-06,0.9793510023868326
3.664736758726697e-06,1.0222636651925134
4.42387293703521e-06,1.0751746051619049
5.340271531571057e-06,1.0274027608491914
6.44649499185376e-06,1.041282009349055
7.781857695403502e-06,1.0405688166072073
9.393840762662736e-06,1.0361384508623146
1.1339772032719371e-05,1.0453840148598923
1.3688739736963806e-05,1.0109041044258855
1.652431347936598e-05,1.046494615026717
1.9947324535095165e-05,1.015144708995662
2.4079480720019988e-05,1.011563465862473
2.9067610434556305e-05,1.0292766159286595
3.5089098368319806e-05,1.044193971725597
4.235802389351481e-05,1.0417348294535356
5.113270204038526e-05,1.0345025533278647
6.17251623987526e-05,0.9706726754934834
7.451232710848917e-05,1.0821338762372268
8.994851318281483e-05,1.0117801091722465
0.00010858279069993596,1.0089173035299224
0.00013107771300029374,0.9734786202504555
0.00015823485500443608,1.08984704686202
0.00019101612581441711,1.016920717141203
0.0002305753644749954,1.047677380009816
0.00027832216428378515,1.036302935047359
0.0003359508537014189,1.052836886651394
0.00040555659539087175,0.9853400725032893
0.0004896023379700477,1.0569242705958946
0.0005909785853319002,1.116546364952302
0.0007133549857307855,1.0504491562855545
0.0008611764952728969,1.0852385842472996
0.0010394696107551894,1.1309734167976826
0.001254650694975532,1.0690416924888033
0.0015144765880260056,1.046828859275036
0.0018283072283822048,1.0898329984209763
0.0022067605179635044,1.2042494666438817
0.002663708262656106,1.1969495542821442
0.0032147146240948774,1.185752930766084
0.0038801210435559018,1.2419852023873126
0.00468351693354427,1.3026650230962444
0.005651749654036148,1.370005507377795
0.006820907729144389,1.401771678785331
0.008230255358524029,1.5419419957994556
0.00992858873813161,1.5867623970936018
0.011977645748728142,1.6483259744664103
0.01444690868102895,1.7815827603248175
0.017423969735391294,2.0006522424037967
0.021010323750984407,2.082262149479847
0.025325964827993975,2.350170765724604
0.030520272955617187,2.5727338551597136
0.03676707239515928,2.7613292386644566
0.04428127171328819,3.029928051665347
0.053309746002813456,3.226421781816344
0.06415422103637122,3.6518766343820888
0.07717274067930004,4.164625361870557
0.09280672945628189,4.61749063534141
0.11157760508403286,4.599121598836242
0.1340932484003041,5.145781243132818
0.16114505615381777,5.857189325279455
0.19360350894658615,6.219778757717011
0.23261666055166563,6.947214140817533
0.2794939241674389,7.465167824076049
0.33586845996221104,8.441445558803707
0.4036999578248376,9.550997986646726
0.48537000080099496,11.513741540805375
0.5837285565496506,12.94965359424733
0.7022369875759507,15.576610959029864
0.8451196619969104,17.925327528270223
1.0174097419020924,22.356985277717396
1.225239468879208,30.11653512156876
1.4759480294653455,38.17311452880034
1.778451276036207,49.69366054395648
2.1435165298027554,67.64056056464182
2.5840853011002056,94.53156061656436
3.1158269419001816,145.43122518883519
3.757658356624445,218.20079451693897
4.532320232234576,337.29322253864854
5.467431826861335,569.9626417397599
6.596155035590276,1011.7813051432621
7.9586545122744266,1753.3475777090825
9.603312913604316,3507.4821447994473
11.588606142471257,6665.604882023659
13.985065846533123,13972.438768349235
16.87789415650916,31892.018040098515
20.36982221570502,74091.00970601883
24.584962793188144,183926.6509779937
29.673130578692554,450800.179558519
35.815049641673276,1233701.7589274019
43.22896373147423,3509798.1003584503
52.17831522490587,10154867.25474797
62.981020546536165,30134359.65616868
76.02080510122565,99321168.12363246
91.76092318874699,326855511.01473266
110.76047118785395,1145699055.1064234
133.69417574612032,3969356914.9550185
161.37671617516386,15196383201.010073
194.79092528760276,63623763032.27135
235.1235662591512,236000023742.43323
283.8065859007974,994129650210.5667
342.5683610205543,4292816525463.737
413.49475998087286,18458257986995.77
499.103397600152,82809455316501.14
602.4325652771875,372815050170378.1
727.148704539268,1710241675719779.5
877.6770919790813,7594311502807321.0
1059.357577775928,3.5859372574069044e+16
1278.6340993697843,1.709664780346974e+17
1543.2827242350957,8.321525457211063e+17
1862.6873188219224,4.1749091234878013e+18
2248.1702274404047,2.2140259258969346e+19
2713.393768062531,1.0797535322461584e+20
3274.8424973305555,4.643314198440951e+20
3952.4059178834186,2.644592302483059e+21
4770.081681823157,1.1987053165471573e+22
5756.821375605648,6.023750377104578e+22
6947.55380789767,3.0030605399423607e+23
8384.415630729989,1.488882618106213e+24
10118.240332517884,6.94357409025555e+24
