1.130404929640747e-9 1.0202143327239686
2.2604798739272352e-9 1.0190747328485033
5.086272313030105e-9 1.0172701254736587
7.912022457714882e-9 1.0160252121804496
1.0737621157769793e-8 1.0151371407640628
1.3563529430007747e-8 1.0144150694918599
4.1820622144608906e-8 1.0109092003177433
7.007789086207441e-8 1.009408284074335
9.833536181377826e-8 1.0084961575388696
1.2659231449466674e-7 1.0078722271790388
4.0916352185176903e-7 1.0054132381735936
6.917354500230572e-7 1.004669098510903
9.74306205031956e-7 1.0042275154265035
1.256876814272326e-6 1.0039644733730677
4.082577528552944e-6 1.0031139024823923
6.908269745745403e-6 1.0029140628317432
9.733955779943217e-6 1.0028912335452065
0.000012559635648199218 1.002924885437098
0.000023862311992757817 1.003351078999757
0.00003516492467284722 1.0038207297503556
0.00004646748161472568 1.0043289921969838
0.000057769984543313645 1.004905936784113
0.0000690724370350562 1.0054668262320532
0.00008037483985129798 1.0060253004266806
0.0000916771942630568 1.0066059624664963
0.00010297950038639531 1.007188927291467
0.00011428175911709502 1.007777008444939
0.0002273017916681922 1.0136543336579713
0.0003403171883519125 1.0195626578371009
0.0004533278574358025 1.0254778535508875
0.0005663336542073652 1.031397941302909
0.0006793344305963478 1.0372698514699605
0.0007923300138763822 1.0431675744942475
0.0009053202518377281 1.0490397042302195
0.0010183049843882313 1.0548824201633102
0.0011312840782021264 1.0607284898142282
0.0022607353984659263 1.118357405929493
0.0033894947263955794 1.1745386792445525
0.004517483395086121 1.2293099851005247
0.00564464767201362 1.282691000659158
0.006770950244736912 1.3347528632166938
0.007896364859261196 1.3855290762346544
0.009020873212372056 1.4350649660507193
0.010144462837063628 1.4834077088656576
0.011267125621935527 1.5305926807349195
0.022442732948467624 1.9470460837661954
0.033529564387130666 2.283612666852715
0.04453613642121023 2.5624085460089554
0.055471429781838597 2.7985577361350185
0.0663436993345136 3.002632976046466
0.07716023072506799 3.182191805063571
0.0879273589799352 3.3427602600037725
0.09865056533836063 3.4884451006651696
0.10933458960016947 3.6223566870441664
0.21470956394121762 4.656925645913339
0.3186024789536312 5.553895206546843
0.4217887116028682 6.497561095842341
0.5245822236890008 7.537892895565118
0.6271345484428941 8.69656578718012
0.729527931753946 9.987228839991136
0.8318109331306834 11.420930077212532
0.934014095249448 13.007923025927456
1.036157603222197 14.758331250287137
2.056106554167929 43.6908738468349
3.075119853112478 102.8819268554323
4.093854298354302 209.97484904807894
5.112461834555529 388.9300915678085
6.130997073359745 671.4305739082974
7.149484784732704 1098.4823346087903
8.167938006428427 1722.2214016744554
9.186364365973928 2607.938193205943
10.204768663784169 3836.3362321020327
15.29654656502506 19361.088186573994
20.388025325898038 69625.19149156933
25.479273634520638 202727.88564645723
30.5703259249942 509937.92182605574
35.66120385786151 1.151044529760472e6
40.75192314800175 2.3892301212244336e6
45.842495318374674 4.637611371654877e6
50.93293000740116 8.519835404412765e6
56.02323490554822 1.4947399929021403e7
61.11341725491048 2.521658014644306e7
66.20348213406582 4.112822745647975e7
71.29343474464929 6.513381480662599e7
76.38327967048541 1.0051144267431499e8
81.47302070573635 1.5157726624909234e8
86.56266160179179 2.2393213432698357e8
91.65220544030949 3.247561181346194e8
96.74165525170243 4.631478576723668e8
101.83101381479916 6.50519096925968e8
112.00946695947991 1.2322001382765944e9
123.20537645539942 2.35646559162574e9
135.5204290290605 4.54868085898789e9
149.0664756188736 8.860103347555859e9
163.96653622788688 1.7410071209211685e10
180.35592528977418 3.450242397126178e10
198.3834763826388 6.893857543448943e10
218.21289000223157 1.3883958468915668e11
240.0242208801021 2.817585788043542e11
264.0155080691934 5.760047637576456e11
290.4045788726019 1.1858544950808723e12
319.4310050785547 2.4579284088456216e12
351.35829403837147 5.127535698468862e12
386.4762822412514 1.0763080772341113e13
425.10372924114324 2.2723490919462633e13
467.5912508560508 4.8246937287003164e13
514.3244520899468 1.0297976269750955e14
565.727454963119 2.2090725507704112e14
622.2667306902488 4.761228668040086e14
684.4553204956118 1.0307728654494484e15
752.8574812712936 2.240880134286607e15
828.0938019787254 4.890695962580259e15
910.8468364711714 1.0712710854141228e16
1001.8672364824575 2.3544857171553616e16
1101.9806045515813 5.191004614516395e16
1212.094928487984 1.147737662794469e17
1333.2089281550993 2.5442670742452877e17
1466.4205064861524 5.653863513344131e17
1612.9378489828616 1.2591285010996362e18
1774.0891795464756 2.8093062457598397e18
1951.33535823243 6.278706442889091e18
2146.2830234023622 1.4052822076854446e19
2360.699057885532 3.148968403078524e19
2596.526625232171 7.062855771970936e19
2855.9021636032303 1.5858205509427092e20
3141.1761420831454 3.562267402986035e20
3454.9326004551294 8.00512259020705e20
3800.0136151569955 1.799089241060987e21
4179.544411816713 4.043386816385463e21
4596.961898637341 9.084686677160987e21
5056.045291968651 2.040555496383242e22
5560.95028987501 4.583988596239481e22
6116.249019548771 1.026978019750595e23
6726.9650503871735 2.3010959855948128e23
7398.625475863854 5.149291129130785e23
8137.307338676277 1.1505435174798847e24
8949.692816465862 2.56730830917125e24
9843.129962213088 5.717777432554651e24
