1.1177030950141125e-09,1.0951289331983816
1.299129983855088e-09,1.0133475110823569
1.5100052565526657e-09,1.011970750614834
1.755112188144249e-09,1.0911189999891728
2.040008727751798e-09,1.0542270704143517
2.371146996819893e-09,1.0508565399509098
2.756037049278743e-09,1.0837792735708545
3.203416184072482e-09,1.0436365989570127
3.723385111717034e-09,1.0441761088611363
4.327770729041682e-09,1.0399176888366455
5.030267762644371e-09,1.0213828042953725
5.846793240923753e-09,1.0072118138388817
6.795871360981495e-09,1.0847993902112771
7.898982089720978e-09,1.0309086967308139
9.181146440397001e-09,1.0020432929990235
1.0671479335722469e-08,1.0687447869624902
1.240368635638793e-08,1.030565912717277
1.4417095424078797e-08,0.9963545375418026
1.6757313883944707e-08,1.0171920745893306
1.9477445525362477e-08,1.0680519440178535
2.263904748711869e-08,1.0768583645930232
2.63139025998713e-08,1.1236536624871052
3.058516405360669e-08,1.01656880658324
3.554985275775585e-08,1.0494973804637195
4.132034713467923e-08,1.0551032465540608
4.802760046047399e-08,0.9668943241899584
5.582355114160936e-08,1.0771108584720486
6.488493152594485e-08,1.0184473447776878
7.541740092646905e-08,1.0530059075989555
8.765907238976765e-08,1.0830481117327782
1.0188823524836656e-07,1.064120363659449
1.1842706573113356e-07,1.0602012477403102
1.376502477591877e-07,1.0912962518431737
1.5999405058324367e-07,1.0643844182936495
1.8596458762686944e-07,1.02738093700428
2.1615081339907875e-07,1.0941996063078825
2.5123763611783734e-07,1.0406865685770819
2.920184506851934e-07,1.077506138152816
3.3941936759504084e-07,1.0929389767671704
3.9451571823856386e-07,1.0279038503627742
4.5855421935689415e-07,1.0150973435741157
5.329884365028284e-07,1.0079024515084545
6.19505086419381e-07,1.0275901023385197
7.200622468827172e-07,1.0255204302736272
8.369444664567454e-07,1.0577959483547863
9.727992747433423e-07,1.0389619828404077
1.1307044661458673e-06,1.0635687615440816
1.314242327165485e-06,1.0297678480259103
1.527572968717907e-06,1.070020116019335
1.7755323508090859e-06,1.1005486584256443
2.0637430506282646e-06,1.0573214134480877
2.39873308257317e-06,0.9762747275294645
2.788098792441398e-06,1.1238258271090746
3.240668886921785e-06,1.0550167225163745
3.7667140222221786e-06,1.046834937053651
4.378114980093576e-06,1.0707574453778697
5.0887864693850606e-06,1.035925058792688
5.9148061686506475e-06,1.0846574145981334
6.874904129068766e-06,1.091743250771705
7.990835813743694e-06,1.064417564476255
9.287921989261626e-06,1.0599267410544513
1.0795524750212566e-05,1.0044171991475574
1.2547839966246887e-05,1.0506511081314063
1.4584641964271272e-05,1.0007933431490152
1.6952041024183528e-05,1.0640566545926704
1.9703834567188704e-05,1.0659712248154838
2.290221391990501e-05,1.0398461618939367
2.661984971115798e-05,1.0578636806587605
3.094095297774171e-05,1.011052454332299
3.596351895273857e-05,0.9915537334969866
4.1801398360936924e-05,1.0304888133258836
4.858687197700122e-05,1.031752295928449
5.647398684089866e-05,1.067511547901287
6.564143779672318e-05,0.9870395578986869
7.629710050189468e-05,1.0210480019731083
8.868270852205708e-05,1.067183547602332
0.00010307924606107639,1.0155748680807992
0.00011981257334583343,1.0643242468990703
0.0001392634462509362,1.06487837365306
0.0001618717322034883,1.02664165201111
0.00018815110258119726,0.9736557502669198
0.0002186873608152512,1.1525314912873763
0.00025417383905063464,1.0076343721114345
0.00029541705730938924,1.0793738221551739
0.00034334714450735625,1.0330568430919589
0.00039909670835959655,1.0481352036319647
0.0004639052283613345,1.0462531892350668
0.0005392149248480717,1.0428721153142297
0.0006266682003354502,1.0571247115432236
0.0007283953221781677,1.119488008013577
0.0008466827382608382,1.0504611110815203
0.0009839549096772099,1.0140244570974515
0.0011437929421640645,1.0136519904269534
0.0013293348535566491,1.0607111553740194
0.0015449270475300278,1.0532830061028606
0.0017956985787360795,1.0013995844315244
0.002087302036489166,1.0044131994617562
0.002425805315259838,0.9751638804306771
0.0028190037333663616,0.9697112125881983
0.0032765043741216048,0.9653079884310268
0.0038077228640787135,0.9790986366635747
0.004425253041914603,1.0025778302581068
0.005142591352940545,0.987567772630001
0.005975882707235217,0.978769529279181
0.006944443822599606,0.9793936930601017
0.008069355497136142,0.9733548313176624
0.009375332917895532,0.9369373785574382
0.010890998161064152,0.8919296009018146
0.0126522903295658,0.8701939413101564
0.014696347709726118,0.9291099380171384
0.017067518380919612,0.9024770279654344
0.01982349567028766,0.842624294897559
0.02301620285180749,0.8496273135867002
0.02671949041577079,0.8745260235374487
0.0310137896641789,0.7882189861964892
0.03598681593001062,0.7957198527545951
0.04175554081475396,0.7949557408679961
0.048433002922429066,0.7268590302507087
0.05616825810207714,0.7461009486618603
0.06512219578333574,0.7473149198573317
0.0754847131521955,0.7544257717764372
0.08748136833122558,0.7740741994023415
0.1013579864927412,0.8524792794707637
0.11741058284989823,0.9292299341140856
0.1359826268818562,0.9767247405888652
0.15748481580286589,1.056311333168716
0.18236623898290905,1.218908683386735
0.2111674867542827,1.3447404922069957
0.24451622821325417,1.624361619913246
0.28316438005263467,1.6422834408350966
0.3279291517981382,2.0547155221576223
0.379835666199003,2.3147210991125085
0.4400291448448412,2.839922598233686
0.5098443656824725,3.4252766279155034
0.5908744452317255,4.117769621218128
0.684918429653115,5.011233762732224
0.7940926763290482,6.136416411339845
0.9208841978218587,8.174764440153366
1.0681236773345237,10.694371120861799
1.23919392836914,13.32282889709973
1.4379119711831776,18.1239241546278
1.6688182044694784,24.338863912640985
1.937113966283644,30.998823893775647
2.2489075550845397,43.43092744461979
2.611231309649272,61.15386495103703
3.0323384310311217,87.60204139744084
3.521737883550743,128.60582497218596
4.090526034060655,189.56991466045753
4.75161655942236,291.59262057828573
5.519996612477574,470.4962437497484
6.413050960193583,723.7204817930966
7.4510373695015355,1234.991709840185
8.657502080682281,2130.9319232306893
10.059769631674119,3472.740266014619
11.689669429572698,6279.693072761386
13.58409669530469,12327.664699538402
15.786034327558628,22238.731822710863
18.345371394127135,42839.93457841119
21.320132355828036,86257.08961902389
24.777761189789206,179472.56265397972
28.79662603993014,385863.70108960837
33.46787028254048,786539.0037864214
38.897350134642366,1954391.8478427078
45.20813546086514,4460074.662062268
52.54328746901327,10362616.01532379
61.06912343154361,25761423.44460021
70.97892484162604,60487913.02994859
82.49723297348226,172730686.47909448
95.8852331657232,457515841.55854017
111.44649106105547,1222884031.491658
129.53351198509728,3481144000.4150653
150.5566079107534,10391988305.100756
174.9921341923039,30567833462.568554
203.3941671374057,89435368170.64223
236.40646542026406,276367136610.01965
274.77740719792763,817585138909.1783
319.3768122155888,2587724793193.195
371.2154795205809,8373753462293.269
431.469225583341,27949757653405.555
501.5032207617475,93578912350265.66
582.9054664063307,313494644415590.2
677.5207881212904,1092999785594351.9
787.4944891397305,3897895507624611.5
915.319382377923,1.4088601717626878e+16
1063.8931592832232,4.581090219140043e+16
1236.5837181113677,1.6184202546828045e+17
1437.305926912875,5.5837549758119866e+17
1670.6098224959258,2.2740625517262285e+18
1941.7842155212327,7.885325581490266e+18
2256.976273931645,2.9744435388881326e+19
2623.334822665901,1.1194210530927842e+20
3049.1533992640143,4.33420200428366e+20
3544.0965442933225,1.603441302507294e+21
4119.37966935748,5.689207520379837e+21
4788.044779414781,2.4863975779147746e+22
5565.247146366324,9.199715311519069e+22
6468.610402753516,3.295112647818613e+23
7518.6077137423135,1.3542624653346433e+24
8739.022818135816,4.7755638219687936e+24
10157.586967521995,1.8864650550002823e+25
