21.91681980487355,1e-09
21.91692294789543,1.162322468679854e-09
21.917090556341254,1.3509935211980252e-09
21.917135681911052,1.5702901247293775e-09
21.91702609140271,1.8251834943190462e-09
21.917064770343078,2.1214517849106276e-09
21.91707766333837,2.465811075822604e-09
21.916716662337073,2.866067616948256e-09
21.917154920742536,3.3312947879346702e-09
21.917229156601206,3.872038781812557e-09
21.917180807573775,4.500557675700506e-09
21.917180807573775,5.231099308056258e-09
21.917013198437754,6.080224261649427e-09
21.917153510565804,7.067181273927477e-09
21.917335524837004,8.214343584919422e-09
21.91710344935174,9.547716114208066e-09
21.917207500252797,1.1097524964120722e-08
21.917129235395397,1.289890261253308e-08
21.917129436848978,1.499268432786047e-08
21.91692294789543,1.742633386009651e-08
21.91702609140271,2.0255019392306666e-08
21.91692294789543,2.3542864143224203e-08
21.917155021469394,2.736439997074672e-08
21.91707766333837,3.180625692794119e-08
21.917180001757522,3.696912707195032e-08
21.917116342369788,4.297004704320844e-08
21.917129235395397,4.99450511585514e-08
21.917180807573775,5.805225516094907e-08
21.916948733726745,6.747544053110699e-08
21.91723237986734,7.842822061337681e-08
21.917116342369763,9.115888299750837e-08
21.917051877355366,1.0595601792776148e-07
21.917180606119718,1.231550603292826e-07
21.9171356819111,1.4314589375234815e-07
21.917180404665668,1.6638168860761273e-07
21.917180857937286,1.9338917504552321e-07
21.91692294789543,2.2478058335487253e-07
21.91714374005984,2.6126752255633264e-07
21.917206593708467,3.0367711180354604e-07
21.916976131205754,3.52970730273065e-07
21.91702609140271,4.1026581058271904e-07
21.91692294789543,4.768611697714474e-07
21.91681980487355,5.542664520663107e-07
21.917129235395386,6.44236350872137e-07
21.917129235395397,7.48810385759003e-07
21.917129235395397,8.703591361485166e-07
21.91728395229456,1.011637979766207e-06
21.917335524837014,1.1758495540521582e-06
21.91734841799154,1.3667163564620074e-06
21.91733552483697,1.5885651294280527e-06
21.9172323798735,1.8464249428955464e-06
21.917283952294582,2.146141197858406e-06
21.9173468063468,2.4945081352303167e-06
21.917348417991576,2.899422853882881e-06
21.91702609140271,3.3700643292719317e-06
21.91744511689259,3.917101490809261e-06
21.917310443644,4.552935074866957e-06
21.917335524837004,5.291978735958447e-06
21.91738709750078,6.1509857885805045e-06
21.917551486176492,7.1494289865975915e-06
21.91753536958515,8.309941949353404e-06
21.917754556242855,9.658832241158709e-06
21.91795601650118,1.1226677735108135e-05
21.917799683179787,1.3049019780144043e-05
21.91774810954516,1.516716888470924e-05
21.917129235395397,1.762914118095948e-05
21.91692294789543,2.0490746898158503e-05
21.916381452445787,2.3816855519761608e-05
21.915814185847893,2.7682866303920665e-05
21.91511801509054,3.217641750250742e-05
21.914344517963332,3.739937302478802e-05
21.91362261194256,4.3470131581250265e-05
21.91253979750084,5.0526310653356795e-05
21.91135391926527,5.8727866131894886e-05
21.91001343854039,6.826071834272393e-05
21.908363728687146,7.934096665797492e-05
21.906301766046212,9.22197882333434e-05
21.90434308129216,0.00010718913192051286
21.90145691770382,0.00012458833642950082
21.89857113440263,0.0001448118227674536
21.895067480146704,0.00016831803533309583
21.895350843109263,0.0001956398343517065
21.897433914948223,0.0002273965752357932
21.899704789635308,0.0002643081486974108
21.903054568411083,0.0003072112998861759
21.895891818948527,0.000357078596490047
21.886825798849213,0.0004150404757850481
21.881109955187505,0.00048241087041653736
21.88687729972198,0.000560716993820547
21.880286172894795,0.0006517339604882433
21.8675713599955,0.000757525025877192
21.87498381678932,0.0008804883581643465
21.85584425913029,0.0010234114021054547
21.85347870246466,0.0011895340673703208
21.852244601037576,0.0013826221737646563
21.83785189946445,0.0016070528182616417
21.815459277754034,0.0018679135990207847
21.80776070400055,0.002171117945694505
21.803566125168974,0.002523539170434771
21.779555836601826,0.0029331662783900485
21.764340378978986,0.0034092850697468144
21.740372726250243,0.0039626886387014865
21.717021889022632,0.004605922041145113
21.692372714559028,0.00535356667741073
21.657026645037654,0.006222570836730231
21.62052060202422,0.0072326338964835485
21.585848743891862,0.008406652885618334
21.55457444875763,0.009771241535346501
21.506254373806073,0.011357333583431075
21.456906723294967,0.013200884008314194
21.408714804744438,0.015343684089300131
21.331492478679767,0.01783430876931913
21.268280263300003,0.02072921779595374
21.195449336880316,0.02409403560239527
21.112640918061132,0.028005038941836365
21.033568106321038,0.03255088599835063
20.928535214081137,0.03783462617131933
20.824363077443422,0.043976036093027304
20.70398464012002,0.05111433483440176
20.573968195654988,0.0594113398496504
20.432721280579013,0.06905513520162344
20.271161163121274,0.0802643352225719
20.100122054064162,0.09329304026284696
19.915735335608918,0.1084365968689613
19.714891859313152,0.12603829296797275
19.485427089195674,0.1464971398307288
19.238979994949144,0.17027691722259047
18.97214518702795,0.19791668678535573
18.683137162266128,0.23004301197729216
18.359073588742742,0.26738416158399547
18.018679508578746,0.3107866187782014
17.643916049073844,0.36123426997094377
17.240406419070876,0.4198707084443923
16.812259612367942,0.48802515836544336
16.35013852844505,0.5672426068491989
15.863618646118852,0.6593188271333569
15.354530420241936,0.7663410868007462
14.819167763632002,0.8907354638610457
14.26866123191995,1.035321843295666
13.695478142839866,1.2033778407775906
13.11431067084352,1.3987131026472415
12.522217565149953,1.6257556664438
11.927920682306073,1.8896523396912115
11.33203182921552,2.1963853724165516
10.742332254529556,2.5529080682395167
10.158876524523796,2.9673024081888726
9.588225217060277,3.4489622604057666
9.032813155543584,4.008806328898465
8.494053111456555,4.659525668664687
7.9742227176756275,5.415871378079487
7.47610960820055,6.294988990221888
7.000126071544608,7.316807143427207
6.546562548906521,8.504489341802703
6.1162931626327985,9.884959046625585
5.7086390338738795,11.489510001873109
5.32416663675794,13.354515629299028
4.961902088009045,15.52225357427048
4.621496959787987,18.041864093920754
4.302107194404475,20.97046401323239
4.002839848039255,24.37444150122222
3.7228633230407415,28.3309610183933
3.4611040254268666,32.929712550971615
3.2167595845994024,38.27494478516315
2.988884166819646,44.48782831127595
2.776510836202324,51.709202428967764
2.5786603552762397,60.10276782070388
2.3944508643291265,69.85879746785264
2.2231260532878396,81.19844993184041
2.0637740015121615,94.37878277775391
1.9155785269092305,109.69857978923864
1.7779281854173643,127.50512407130181
1.6499739151396142,148.202070579886
1.5311415264996864,172.2585965398791
1.420760377331536,200.22003718155926
1.3182691966544902,232.7202478960412
1.2231132397787474,270.49597304631425
1.1347803294261751,314.4035471591513
1.052809607314604,365.4383070957262
0.9766935578617159,424.75715525369117
0.9060756363768098,493.7047852839004
0.8405377765836514,573.8441648302404
0.7797382710661055,666.9919663030142
0.7233185942906454,775.2597488629465
0.6709720147272027,901.1018251665037
0.6224055715411713,1047.370897959453
0.5773496220194375,1217.382727739662
0.5355492696281222,1414.9912974345789
0.49677181485908956,1644.6761779946694
0.460798786299952,1911.6440753857037
0.4274284462841456,2221.9468609395285
0.39645535680768795,2582.618760682685
0.3677578592572912,3001.835813575592
0.3411204495785232,3489.101213406781
0.31641249056540205,4055.4607358408443
0.29349215734170236,4713.753134116729
0.27223477787061834,5478.901179593956
0.25251201289096,6368.249944718612
0.23422000025247522,7401.9599969156525
0.21726831193205687,8603.464416684526
0.20151165881990132,10000.0
