1.3639324538869807e-9 1.014128043129389
2.726166899401844e-9 1.0141277953443482
6.1357658874595136e-9 1.0141275669936551
9.545142014458858e-9 1.014127270616736
1.2953307200530103e-8 1.0141269217295514
1.636248673226862e-8 1.0141266336049009
5.045085372295121e-8 1.01412283552568
8.454054944451439e-8 1.014118346347718
1.1863087439414332e-7 1.0141138226030262
1.527238969322398e-7 1.014108446227522
4.937115832684633e-7 1.0140452573982608
8.348125619962798e-7 1.0139705562749854
1.1760217851642435e-6 1.0138877579700567
1.517332375470351e-6 1.0137986689879663
4.934909731638694e-6 1.012715456186369
8.357772883147168e-6 1.011432685447145
0.000011784553759946187 1.010045622293732
0.000015214365298596673 1.0085991502647902
0.000028956560200077582 1.0026225046645278
0.00004272721650362885 0.9967893193352919
0.0000565179500755924 0.9913532906004623
0.00007032711783503923 0.9863828306339154
0.00008415164913368614 0.9818757791671002
0.00009798981702232184 0.9778065978627624
0.00011184029885957008 0.9741354590064109
0.0001257020479221612 0.970819308315805
0.00013957420984220874 0.9678167730493387
0.0002787505437880344 0.9487681727348707
0.00041854343345427736 0.9392680298485437
0.0005587901396750215 0.9333660241353473
0.0006994012329452728 0.9291405267658086
0.0008403183157925638 0.9258171210706169
0.0009814997494033112 0.92303205594975
0.0011229139723404084 0.9205935317110958
0.0012645869525342481 0.9183836118886651
0.001406345790020899 0.9163592375364694
0.002831977192029738 0.9000637142681864
0.004266374773119365 0.8865288132701895
0.005705746473639543 0.8742383343926193
0.0071480315166959 0.8628505661606338
0.008591910026632222 0.8522248579976625
0.010036460163783267 0.842281103149315
0.011481002736096193 0.8329638807873889
0.012925019091999156 0.8242300653568314
0.014368103076705236 0.8160436589060557
0.02869889981027911 0.7586164532835865
0.04278609932360591 0.7333423541895081
0.056613642037952286 0.7289894164054699
0.07019668494162193 0.7389217965034671
0.08355794935451501 0.7590019891159869
0.09672077882048608 0.7865477722164267
0.10970689044279729 0.8197650649245101
0.12253569903474054 0.8574219143461715
0.13522422621076677 0.8986543395248083
0.2568975104659814 1.4268163628530766
0.3733419401202466 2.0906314389770153
0.48729605612560556 2.8721767349629834
0.5998525501119725 3.775789398355922
0.7115377093072208 4.809251456805634
0.8226383050715603 5.981385058078977
0.9333247757795665 7.301588911139876
1.043705179065677 8.779727451698015
1.153851556900257 10.426102366247154
2.2489901442933706 38.72782313532471
3.3393359651659793 98.66376795063213
4.42759285480312 209.06006029054342
5.514507544908211 395.499850222563
6.600408716066655 691.8398520832667
7.685481066429517 1141.930264664798
8.769843134545718 1801.5516354063532
9.853580543842329 2740.5815819396066
10.936757091819496 4045.4120863141243
16.345717913396115 20598.661996068935
21.74559760675005 74311.58652027686
27.138463212063844 216630.46057897754
32.52559630397996 545082.5504378524
37.907874910236124 1.2302509401569648e6
43.285935149311236 2.552898638159663e6
48.66028612676087 4.953257026929241e6
54.03132334022278 9.095358040282432e6
59.39938312805785 1.5949993694926532e7
64.76467802915626 2.689606236891843e7
70.12750860501178 4.384667539977965e7
75.48801370196948 6.940870850676489e7
80.84637681983902 1.0706798367358051e8
86.2027037338511 1.6141066050809288e8
91.55718367391364 2.3838122050274408e8
96.9099098336761 3.456052184184366e8
102.26097319210565 4.927487541921616e8
107.61043857326878 6.919591134554455e8
118.30504513236282 1.3101602394246995e9
130.06288193671048 2.5048582340003185e9
142.989746916277 4.834606320398486e9
157.20189124865854 9.41596087532997e9
172.8271761459616 1.8504464557972664e10
190.00614322768786 3.6684193602823364e10
208.89353010110707 7.333383096017924e10
229.6592282125034 1.477929440498216e11
252.49024179391205 3.002356300047251e11
277.59210779527996 6.145604597754419e11
305.1908736069489 1.2672879172632366e12
335.53517056174314 2.631699021577685e12
368.89821103749824 5.504015241835623e12
405.5809662412451 1.15841909502408e13
445.91392749489455 2.4530368273520848e13
490.2608204199044 5.226825187626384e13
539.0211399671286 1.1207952227470236e14
592.6350734485987 2.415384661142788e14
651.5864324533071 5.232030888977971e14
716.4066736911307 1.1393587565131788e15
787.6807622001853 2.4939202616397595e15
866.0525682377278 5.482857456501861e15
952.2293659323547 1.21255041132744e16
1046.9897117762118 2.6892204850080652e16
1151.1894906694827 5.9878929610442696e16
1265.7709933336507 1.3358391036654299e17
1391.7672060270495 2.995293107532765e17
1530.3203537031984 6.744885438028796e17
1682.679768577524 1.5230621031028365e18
1850.2256391309859 3.4508491330520525e18
2034.4726173934494 7.832788804363811e18
2237.087619893115 1.7834016517223227e19
2459.9027873716027 4.078788663758686e19
2704.9357977970126 9.340617380211158e19
2974.404069637386 2.142879273512882e20
3270.746876536715 4.922182789933124e20
3596.647839159464 1.1355175644871873e21
3955.0578806339 2.620238203413425e21
4349.22327118723 6.062030521144738e21
4782.714645641669 1.404913186819772e22
5259.4584386307815 3.2517278431902087e22
5783.776852689155 7.559516996461724e22
6360.420811325421 1.7608485889021935e23
6994.615578795727 4.1034032989922334e23
7692.108461235502 9.553113396528941e23
8459.230218770776 2.2373584810509078e24
9302.927063060932 5.227374600396452e24
10230.85864404015 1.2233418533583181e25
