11.125586438608815,9.999999999999999e-10
11.125586438608815,1.2442008994060738e-09
11.12591380809447,1.5480358780828764e-09
11.125586438608815,1.926067631823586e-09
11.1255455181004,2.3964150798318225e-09
11.125504597742493,2.9816217976770312e-09
11.125422757478201,3.709736522358517e-09
11.125402297506193,4.6156575176780075e-09
11.125340917815933,5.742805234845383e-09
11.125299998210558,7.145203438308535e-09
11.125218159451329,8.890068544382812e-09
11.125136321294104,1.106103127870274e-08
11.124931728534822,1.3762145065320636e-08
11.124870351440725,1.7122873268028756e-08
11.124686222190173,2.13042943204976e-08
11.124420263097369,2.6506822154774767e-08
11.124092937557862,3.297981196536754e-08
11.127387089990178,4.10335117095534e-08
11.127039214172248,5.1053932174815894e-08
11.126629962427907,6.352134833012262e-08
11.126077496449588,7.90333187238249e-08
11.125381837571814,9.833332623922964e-08
11.125054483738888,1.2234641294844038e-07
11.123908821174387,1.522235170295561e-07
11.123786078611706,1.8939663679892911e-07
11.123172386113339,2.356474658497126e-07
11.122088278774573,2.9319278895297384e-07
11.123376946517471,3.6479073171466523e-07
11.122354262014827,4.538729564943853e-07
11.120060974827924,5.647091406864068e-07
11.120555623356715,7.026116207448585e-07
11.11891838250026,8.741900104639102e-07
11.116547297479512,1.0876679972709998e-06
11.112874377704198,1.3532775004597783e-06
11.109855330566186,1.683749083218056e-06
11.107887271989647,2.0949221237140576e-06
11.10422740642378,2.606503990510707e-06
11.099335876793672,3.243014609298935e-06
11.095098294118326,4.034961693676772e-06
11.092022985686159,5.0203029683416836e-06
11.085691757774217,6.246265468501692e-06
11.080788050442335,7.77160911383889e-06
11.073446720942698,9.669443049270767e-06
11.066789877557971,1.2030729738658496e-05
11.05845707147156,1.496864476135027e-05
11.050697598201637,1.862400127496198e-05
11.043125716692312,2.317199913684756e-05
11.032146604742794,2.8830622167102438e-05
11.022267803781478,3.5871086030745464e-05
11.011857180673825,4.463083750212607e-05
10.998578528071825,5.5529728161391463e-05
10.986431384007195,6.909013772217804e-05
10.97141604521584,8.596201149402325e-05
10.955087335736156,0.00010695401201561876
10.940491202553352,0.00013307227794492085
10.922150875266697,0.00016556864790508524
10.90244454167019,0.00020600066063695418
10.882494469984234,0.00025630620724274324
10.8604127810891,0.00031889641357478
10.837477549914363,0.0003967712045871126
10.813275668813253,0.0004936630896057157
10.787421426778346,0.0006142160600910114
10.758250046322155,0.0007642081743948914
10.727830375817577,0.0009508284979155957
10.695746267997002,0.0011830216722875078
10.661733550207256,0.0014719166286769915
10.625401027351206,0.001831359993250665
10.585479797739172,0.0022785797507387786
10.544291464913027,0.00283501097523765
10.50074742187587,0.003527323205216767
10.452999812428681,0.004388698704426617
10.404535382618834,0.005460422875269855
10.351188643337492,0.006793863052548239
10.294967349869804,0.008452930520422194
10.235299308834966,0.010517143756126324
10.172267194574628,0.013085439720555347
10.104875175116568,0.016280915869438892
10.033271725619153,0.020256730167910447
9.956747010179031,0.025203441893940325
9.87542727288043,0.031358145072569205
9.787938023604505,0.03901583230299666
9.694066770984758,0.048543533642464894
9.59307870992268,0.0603979082183037
9.48310591446069,0.07514713172745895
9.363940765177972,0.09349812888309095
9.23334452353649,0.11633045604912651
9.090347766902894,0.14473845804464192
8.932936487506696,0.18008371967779105
8.760188523139087,0.22406032599149886
8.569593174272587,0.27877605911984094
8.360885044132905,0.3468534234897855
8.132232881625496,0.43155534146806684
7.883731616786129,0.536941543998064
7.616037836963886,0.6680631519708745
7.330201848932138,0.8312047745422185
7.028620683375913,1.034185728076047
6.714706386063522,1.2867348130251426
6.392067670087507,1.6009566116629885
6.0649770377352485,1.991911656141183
5.737625246239319,2.4783382741083013
5.414191720227802,3.0835507096780326
5.09821582868591,3.8365565663456453
4.7928826069651675,4.773447130469529
4.500431452551939,5.939127212997506
4.2226944757921245,7.389467420098585
3.960708164796294,9.193982010218539
3.7150670948143074,11.439160686237122
3.485907516372868,14.232614014266826
3.2729921514680522,17.708231157450275
3.075864244397105,22.032597132990198
2.8938681793031904,27.412977169118086
2.726253946538818,34.10725084921475
2.5721678358332167,42.436272182861565
2.4307929723616946,52.79924801735731
2.3012234960067914,65.69287187116005
2.182601419993605,81.7351302666653
2.073993698080314,101.69492259085713
1.975048582761847,126.52891415257551
1.8845857708135163,157.4273887895083
1.8020654171853319,195.87129872305513
1.7268428793499493,243.7032460390609
1.6583105464864718,303.21579790997924
1.5959235356203065,377.261368473725
1.5391705313730184,469.38893396617476
1.4875542552217424,584.0141338119728
1.4406606822338723,726.6309105547127
1.3980761944945108,904.0748324484279
1.3594369493508471,1124.8507196627247
1.3243910879460663,1399.5402771019315
1.2926387200457774,1741.3092715252487
1.263862902939432,2166.5385617758407
1.2378231264601631,2695.6092271594425
1.2142659794023163,3353.879424879076
1.1929692241453393,4172.899796934072
1.1737264224004365,5191.925680476795
1.1563487940170645,6459.798601298692
1.1406645358136618,8037.287229717931
1.1265157608976841,10000.0
