1.0716752780727755e-09,0.9931218259969191
1.3333788380672187e-09,1.040769051954139
1.6589911497341812e-09,1.01246804689497
2.064120632898988e-09,1.039043269974274
2.5681783087197786e-09,1.0384969374889383
3.195330368399004e-09,1.0217466643618236
3.975631407595077e-09,0.9972144236238699
4.9464860517631854e-09,1.0103865773268461
6.1544200551170145e-09,0.9830697506245836
7.657338603530444e-09,1.0368122260366428
9.52727390979676e-09,1.0575921988541575
1.1853829254301876e-08,1.0006808181865645
1.4748539412118235e-08,0.954070944028608
1.835015993695984e-08,1.0482803821688012
2.2831268143728885e-08,0.9600490468939826
2.8406705921464954e-08,1.0502411456929046
3.534363560398152e-08,1.007285614416458
4.3974633285046704e-08,0.98738496551906
5.471323665138416e-08,1.0535721493994092
6.807425815398879e-08,1.096878044143682
8.469802089010841e-08,0.9849858760020086
1.0538139356232905e-07,1.0312399197213944
1.311156243169159e-07,0.9795958041845865
1.6313417715166285e-07,1.0068968751041714
2.029716698013115e-07,1.0212380937700514
2.52537556791507e-07,0.9627754487514597
3.142073338554495e-07,1.0709327901186079
3.9093719277111774e-07,1.062041128557112
4.864042171344732e-07,1.0195637633027868
6.051847867475075e-07,1.0180269004444755
7.529708722409887e-07,1.0417460141459165
9.368477299507282e-07,1.0233253973438892
1.1656267601801254e-06,1.0188494536708597
1.4502738198070758e-06,1.0156127086782956
1.8044312378703155e-06,1.0573448744636142
2.2450752913514418e-06,1.0007411551430776
2.793326126941776e-06,1.0136832090568884
3.4754573089949157e-06,1.0240015793679353
4.32417000796935e-06,0.963567380646671
5.38013561379891e-06,0.979723872503061
6.693966098233546e-06,1.023036436981028
8.32864036824383e-06,0.9899321672636887
1.036251535991368e-05,1.0283358746258637
1.2893047487500301e-05,0.9834450533138642
1.6041529858428855e-05,1.0471206048516246
1.9958900375431876e-05,1.046933886397704
2.4832869029171658e-05,0.9807449482618732
3.0897093424981875e-05,0.9988853115746751
3.8442230199348816e-05,0.9498325525099114
4.7829850899526267e-05,1.0349941665606825
5.950998321613495e-05,1.0592723924599383
7.404240177152422e-05,0.9876721102328154
9.212369212410598e-05,1.0115667678478226
0.00011462054400953112,0.9961820507231355
0.00014261105046307695,1.0473799393545378
0.00017743708909861088,1.029270538296178
0.00022076780255997464,1.004345729720094
0.00027468023227605214,1.056931843233914
0.0003417579603444694,1.0474237759098772
0.00042521666522935843,0.9914866352862144
0.0005290576056271872,0.9663211731411362
0.0006582754938309969,1.082151039386671
0.0008190305062272036,1.0618298499010144
0.001019050306180401,1.0474077290042851
0.0012679124477443591,1.0134163865614942
0.00157755392689665,0.9665007692372468
0.001962752590376391,0.9877185210963699
0.002442096760432333,1.0126188550185404
0.0030385526238521955,0.9694728642689368
0.0037806983680928555,1.011248092606676
0.00470399431385206,0.9902203158500213
0.005852971391885724,0.9440491564124486
0.007282451576304092,1.0401607514413116
0.00906162604937477,1.0009992344948924
0.011275123910127353,0.9359366139016111
0.014029596180693724,0.9539618160897689
0.0174571251837563,0.9859919385894389
0.02172275480305808,0.999407157143623
0.027030481365931242,0.9527500924527618
0.03363591518671848,0.9223692369182515
0.04185712259518877,0.9362477633286105
0.052088900000441224,0.9262014018988234
0.0648242543710267,0.9677280479715538
0.08067360503498279,0.9169854053740473
0.10039443266676218,0.8981680153581989
0.12494302855307082,0.9631645788874611
0.1554875373651161,0.8922396519620622
0.19348533933516318,0.930527376276206
0.24076086945175323,0.9354250498502297
0.29956245188622815,0.8479908841745111
0.372671136513903,0.9909675413664376
0.46357773581611533,0.9951699231728433
0.576579872943388,1.0432380873797857
0.7170406406121569,1.1204645071542667
0.8916184833206394,1.1524426855227432
1.1085962575146138,1.2438462703805349
1.3782976034424672,1.526681678381605
1.7135681822553912,1.69491432015136
2.13041025086761,2.047767516178516
2.648761649218098,2.4793708421963405
3.2934426673542307,3.1489546654838336
4.0953877856213,3.9128352065927814
5.093141526070315,5.262346044678711
6.3347073822051705,6.812914100778145
7.879889851310394,9.043502910400788
9.803151177561698,12.596664726021226
12.197254261286082,17.22133943719548
15.177688127465457,24.146288548668263
18.888275016623272,35.75721640158876
23.508089106057476,57.58589861149732
29.260053988642387,82.58351605253453
36.42167952534741,134.0167347876758
45.338908092275034,204.76591882342456
56.441343725868435,334.08169803776093
70.26475926310324,552.9295691675493
87.4756488372927,985.6521133159241
108.90398395647465,1607.3592197208638
135.58136198900436,2873.9618591093504
168.79393705011665,4362.078968543596
210.14077401190698,8269.81798625273
261.6122678550208,14326.8449331609
325.6866903233626,25886.296713846612
405.44527018041106,47621.196413900216
504.7247680885277,82663.91259880972
628.2988913921687,156838.23044431562
782.1067182993612,294206.797224682
973.5409372122303,561967.3247031639
1211.7974747413853,1014558.1167692328
1508.3204289669122,1934992.5118305786
1877.35235759884,3675401.0712095946
2336.607036580052,6688226.988632688
2908.1342664686213,13507645.777246304
3619.3648012904528,23529439.755010396
4504.43162978225,48938576.551554374
5605.805172711865,91628226.6874757
6976.326199384556,173262659.21647462
8681.748294394307,310985791.1209606
10803.876301996237,659378836.4629972
