1.0728492053190237e-9 1.0256043297406918
2.1436012023142825e-9 1.025243320189537
4.8231010322891486e-9 1.02524357629725
7.502597535252494e-9 1.0252431850889223
1.0182046265820349e-8 1.025243182330759
1.286154220914958e-8 1.0252431258226515
3.9656497963815144e-8 1.0252426047109908
6.645149096054126e-8 1.025242171179511
9.324654181711575e-8 1.025241276923151
1.200414419105249e-7 1.025240482041073
3.879910381112373e-7 1.0252336572440606
6.559405608575799e-7 1.0252272503632045
9.238902456839916e-7 1.0252210606042
1.1918397972588933e-6 1.0252139660582997
3.871336158569319e-6 1.0251460935861196
6.550832915504282e-6 1.025077263040587
9.230330108364007e-6 1.0250075987513578
0.000011909827799006855 1.0249370144260677
0.000022627823170040522 1.0246511189573502
0.000033345825732490745 1.0243635280145889
0.00004406383557797534 1.0240698380519633
0.00005478185268179694 1.023774469022856
0.000065499877145679 1.0234770642631439
0.00007621790877892834 1.0231752594909298
0.00008693594771357334 1.0228765826659445
0.00009765399387521678 1.0225765421764712
0.00010837204731352645 1.0222780039733883
0.00021555298125890056 1.0192674097309686
0.0003227346402634968 1.0163003783877385
0.000429917023111233 1.0134148671576975
0.0005371001286081457 1.0106264907823552
0.0006442839555449551 1.0079449000009457
0.0007514685025164164 1.0053680055215657
0.000858653768478457 1.002909066799589
0.0009658397521982239 1.00055191130697
0.0010730264522813534 0.9983029493492854
0.0021487320422524155 0.9812031510161322
0.0032188929081460142 0.9700770829838552
0.004294506543351553 0.9630680895227696
0.005361068063012189 0.9580018456329313
0.006437189374536302 0.9546176489997459
0.007512388907621086 0.9520753202011799
0.008577804541489488 0.949932452600566
0.00965600927726156 0.9484265154698227
0.010722614348630252 0.9470186218625065
0.021450173288540937 0.9395901612009583
0.03218288171355975 0.9345642208270646
0.04291989646625586 0.9299469280892977
0.053660497360584404 0.9256201989592219
0.06440406615888074 0.9216137500285536
0.07515007204256582 0.9179704182788074
0.0858980529622074 0.9147070890885918
0.09664761784416294 0.9118376395631325
0.10739842667039443 0.9093502639206901
0.21492441250464406 0.9031333551726349
0.32240024031499087 0.9210029527706989
0.4297818047147346 0.9531917114612922
0.537063673296399 0.9945038701163662
0.6442525228834234 1.0421688386254868
0.751358387431043 1.0946228192537506
0.858391552106202 1.1509299444481356
0.9653614837497546 1.2104986022211441
1.0722765376249916 1.272937039085326
2.139596988184224 2.0197299753296227
3.205481878222661 2.952052795114344
4.271042449537581 4.054649686708783
5.336661957789488 5.324543873176266
6.402494544616549 6.762395645546181
7.468604373393845 8.370529468967296
8.53501621858188 10.152154586586724
9.601735373688498 12.111016835469744
10.668757888482732 14.251161937964502
16.00806387015118 27.8234608363001
21.35333395724776 46.59511538465133
26.70339963043908 71.13443661006434
32.05740869783198 102.00568952961355
37.414737007440536 139.7657583402653
42.77491408430539 184.96619037110713
48.137575877998664 238.15172496049595
53.50243321335912 299.8625400424117
58.86925119052606 370.6339245446273
64.23783596222175 450.9967490829046
69.60802595648468 541.4810870481454
74.97968437520895 642.606997813538
80.35269271008197 754.8890045870196
85.72694243915396 878.901911934976
91.1023537060278 1015.059633826294
96.47884317667926 1163.9749588779673
101.85633774228148 1326.1444612376524
107.23478888538375 1501.9860699609078
117.99428542748093 1897.0881384280299
129.83339661450924 2402.1831569072224
142.86036955396713 3049.681339913835
157.19427990265092 3881.282266231043
172.96611021339913 4951.923339691085
190.32010976188317 6330.851419073912
209.41469013983482 8113.988938878206
230.424449672108 10415.559834289164
253.54111572109082 13404.800669702472
278.9760761704224 17271.57466715341
306.96121293705596 22313.700149529875
337.75224050313017 28873.348765336872
371.6301833843226 37422.82303851417
408.9043762133908 48571.54538321081
449.91473245032654 63159.01338135742
495.0355340714444 82263.90660908961
544.6788319599345 107119.12719245465
599.2965640211854 139909.49992569908
659.3877153076414 182775.41246002584
725.4992539032618 239583.8150891354
798.2353469454108 313564.32340235944
878.2581427651531 411268.6328395602
966.2972706890357 539912.3490847839
1063.1553199470704 709159.0003077772
1169.7151086326517 932791.2831811437
1286.947256885158 1.228269928434525e6
1415.9203626374642 1.6177009833634188e6
1557.809345188528 2.1330260134469965e6
1713.9067803751102 2.813871288925058e6
1885.634600819256 3.715521721720936e6
2074.556920816731 4.9083785916260155e6
2282.3943623589453 6.483290623609173e6
2511.0396401179996 8.57111209794296e6
2762.574824952114 1.1347060941745367e7
3039.289900866062 1.502175631037785e7
3343.705240982003 1.9899798375121642e7
3678.5912868186692 2.636877520618785e7
4046.997005104956 3.494398670821982e7
4452.275938695198 4.6314905524149306e7
4898.117088390229 6.1426006752942875e7
5388.578424391339 8.15828985832083e7
5928.123799127664 1.0822609901638357e8
6521.663526646343 1.4380075108674496e8
7174.599056735367 1.9109243307009396e8
7892.8720552727855 2.5409104105132538e8
8683.018502772891 3.374190515532037e8
9552.228049250147 4.4799494747296375e8
10508.409409520296 5.951301410420995e8
