5.978918818380737,9.999999999999999e-10
5.978926775480018,1.2442008994060738e-09
5.978926775480018,1.5480358780828764e-09
5.978902904213944,1.926067631823586e-09
5.978922796929053,2.3964150798318225e-09
5.978918818380737,2.9816217976770312e-09
5.978926775480018,3.709736522358517e-09
5.978918818380737,4.6156575176780075e-09
5.978926775480018,5.742805234845383e-09
5.978916829107572,7.145203438308535e-09
5.978902904213944,8.890068544382812e-09
5.978926775480018,1.106103127870274e-08
5.97893473258989,1.3762145065320636e-08
5.978918818380737,1.7122873268028756e-08
5.97893473258989,2.13042943204976e-08
5.978918818380737,2.6506822154774767e-08
5.978926775480018,3.297981196536754e-08
5.978902904213944,4.10335117095534e-08
5.978918818380737,5.1053932174815894e-08
5.978918818380737,6.352134833012262e-08
5.978926775480018,7.90333187238249e-08
5.978918818380737,9.833332623922964e-08
5.978918818380737,1.2234641294844038e-07
5.978918818380737,1.522235170295561e-07
5.978920807654564,1.8939663679892911e-07
5.978918818380737,2.356474658497126e-07
5.978926775480018,2.9319278895297384e-07
5.978918818380737,3.6479073171466523e-07
5.978926775480018,4.538729564943853e-07
5.978918818380737,5.647091406864068e-07
5.97893473258989,7.026116207448585e-07
5.978918818380737,8.741900104639102e-07
5.978918818380737,1.0876679972709998e-06
5.978918818380737,1.3532775004597783e-06
5.978926775480017,1.683749083218056e-06
5.978922796929053,2.0949221237140576e-06
5.9789108612920465,2.606503990510707e-06
5.978918818380737,3.243014609298935e-06
5.978902904213944,4.034961693676772e-06
5.978902904213944,5.0203029683416836e-06
5.9789108612920465,6.246265468501692e-06
5.978902904213944,7.77160911383889e-06
5.978871076007436,9.669443049270767e-06
5.978871076007436,1.2030729738658496e-05
5.978879033043179,1.496864476135027e-05
5.978855161967719,1.862400127496198e-05
5.978855161967719,2.317199913684756e-05
5.978831290987564,2.8830622167102438e-05
5.978793495463906,3.5871086030745464e-05
5.978775592404512,4.463083750212607e-05
5.978735808020015,5.5529728161391463e-05
5.978696023900256,6.909013772217804e-05
5.978640326577344,8.596201149402325e-05
5.9785607598732735,0.00010695401201561876
5.978489150744981,0.00013307227794492085
5.978377760472462,0.00016556864790508524
5.978242503645977,0.00020600066063695418
5.978067469942426,0.00025630620724274324
5.977884485640859,0.00031889641357478
5.9776458188822845,0.0003967712045871126
5.977311701428508,0.0004936630896057157
5.976341275684842,0.0006142160600910114
5.9758958871180585,0.0007642081743948914
5.975211962160907,0.0009508284979155957
5.974512212997097,0.0011830216722875078
5.97361577913867,0.0014719166286769915
5.973208353607599,0.001831359993250665
5.971825301825613,0.0022785797507387786
5.969868512806878,0.00283501097523765
5.967527168772359,0.003527323205216767
5.965295902751598,0.004388698704426617
5.961859321699542,0.005460422875269855
5.958218548713553,0.006793863052548239
5.952512010904745,0.008452930520422194
5.946514157379556,0.010517143756126324
5.938949262961639,0.013085439720555347
5.9297858085342465,0.016280915869438892
5.918174713639964,0.020256730167910447
5.904572329519695,0.025203441893940325
5.887834664992667,0.031358145072569205
5.867098364770745,0.03901583230299666
5.8420095092977045,0.048543533642464894
5.811442125780458,0.0603979082183037
5.7751652968652785,0.07514713172745895
5.732917446695107,0.09349812888309095
5.6816475957409915,0.11633045604912651
5.622064054633746,0.14473845804464192
5.5533632854248705,0.18008371967779105
5.473432374991298,0.22406032599149886
5.3819865086695735,0.27877605911984094
5.279129597949986,0.3468534234897855
5.163092417764106,0.43155534146806684
5.03429686667644,0.536941543998064
4.89250662737756,0.6680631519708745
4.738186205839343,0.8312047745422185
4.572140415027763,1.034185728076047
4.395313276155988,1.2867348130251426
4.209171198748642,1.6009566116629885
4.015424456555435,1.991911656141183
3.815965192753602,2.4783382741083013
3.6129095543925716,3.0835507096780326
3.408285698694754,3.8365565663456453
3.2040374644405802,4.773447130469529
3.0020180079963072,5.939127212997506
2.803859708399007,7.389467420098585
2.6110122686154256,9.193982010218539
2.4246314153497797,11.439160686237122
2.2456632837390322,14.232614014266826
2.0748018254196268,17.708231157450275
1.9125320434552555,22.032597132990198
1.7591640239263244,27.412977169118086
1.6148460139592642,34.10725084921475
1.4794974747127494,42.436272182861565
1.353139494101541,52.79924801735731
1.2355136636817565,65.69287187116005
1.1263642751933918,81.7351302666653
1.0253552718654073,101.69492259085713
0.9321824394242549,126.52891415257551
0.8464043818637716,157.4273887895083
0.767633478577451,195.87129872305513
0.6954539641664728,243.7032460390609
0.629431314928431,303.21579790997924
0.5691701134233126,377.261368473725
0.5142527419749452,469.38893396617476
0.46428284120178664,584.0141338119728
0.41888301779682685,726.6309105547127
0.37768445456525135,904.0748324484279
0.3403460331647141,1124.8507196627247
0.3065419381738351,1399.5402771019315
0.2759648629759792,1741.3092715252487
0.24833552085860336,2166.5385617758407
0.22338714132310505,2695.6092271594425
0.20087656409421836,3353.879424879076
0.18057864087663564,4172.899796934072
0.16228652992423892,5191.925680476795
0.14581111001421265,6459.798601298692
0.1309785496590321,8037.287229717931
0.11763114691919603,10000.0
